5.180211024975731604e-01 2.293699534460812206e+00 6.584798942739755036e-09 2.151535835198254532e+00 -4.723213426550790897e-09 3.426911453913908723e+00 4.066669280736397774e+00 1.408264716912952963e+00 3.304224905750939949e-17 1.050544275809263234e-18 2.060914027121021785e+00 0.000000000000000000e+00 2.186755416090881532e+00
1.081076806319952954e+00 2.128832370602395496e+00 7.328661151754977982e-09 7.343609942090015830e-01 -2.882230569900005588e-09 1.239414507006334709e+00 3.896494214416316382e+00 -1.746888616799642246e-01 3.028494789330483868e-18 9.628757108542156840e-20 1.390185337998123272e+00 0.000000000000000000e+00 2.462758309980053184e+00
2.983912714311119263e+00 2.171881301103946615e+00 4.656597030976042551e-09 3.718875770444366458e-01 -3.757222181018757679e-10 2.890434133824794305e+00 4.463666727734277195e+00 1.509541698001611199e+00 -2.500063437479621432e-17 -7.948693994869759205e-19 1.357054366309486726e+00 0.000000000000000000e+00 3.233281414851111535e+00
1.157548595158558458e+00 2.892463449857277880e+00 6.833174435983159059e-09 1.790520896195720191e+00 -3.603998650886331416e-09 1.643768657167983926e+00 1.678932323123774717e+00 1.991035625560038991e+00 1.262702714177994116e-17 4.014634596980005241e-19 1.576372977097392214e+00 0.000000000000000000e+00 1.446500769339104320e+00
9.265583472160063838e-01 3.555784093233269161e+00 -8.590195108586717569e-09 1.182165451376607335e+00 4.086521927115732649e-09 2.036806853355798808e+00 2.716130863221295044e+00 9.111363982740293688e-01 1.582562916215759755e-18 5.031609909167579875e-20 2.158203219091175296e+00 0.000000000000000000e+00 3.005536364021093032e+00
1.597769006297039995e+00 1.983699111362740020e+00 8.188529662495156596e-09 5.940904806140123728e-01 -2.472534692107443561e-09 3.266666237688035768e+00 2.597077402780106237e+00 7.566182548583919587e-01 -8.562700751791386706e-18 -2.722421598556887387e-19 -2.921306032130890351e-01 0.000000000000000000e+00 7.967047352906732050e-01
2.039298104690554947e+00 2.199845970091295122e+00 -8.939158027008149025e-09 9.574795003164384699e-01 3.580991475695395968e-09 1.709422818898601371e+00 -3.798623134247947064e-03 2.283485267187941314e+00 -9.442107796092514531e-18 -3.002023212026742433e-19 2.169676929598939541e+00 0.000000000000000000e+00 8.061605664597986109e-01
6.284092529736110544e-01 2.055057682867217572e+00 6.242801299488328812e-09 1.353088606337520261e+00 -1.798663780628797221e-09 3.844361668436109714e+00 3.855594217483476083e+00 1.916226906708633493e+00 -1.843233788488539852e-17 -5.860371518521880014e-19 2.401284391457700451e+00 0.000000000000000000e+00 1.429001125971957942e+00
1.085580957767909194e+00 2.280555615167762173e+00 -1.356151149339501730e-09 9.271075638308875488e-01 2.886420219275062834e-09 5.064391543681338703e+00 1.510510093020479117e+00 1.737168996740874771e+00 5.887565477499288104e-18 1.871889218991557306e-19 9.227524670426641151e-01 0.000000000000000000e+00 2.142661816876088920e+00
2.560278582255520519e+00 7.783790289780330163e-01 7.832691426344394530e-09 6.918911532305107581e-01 -6.238611491506553197e-09 3.113997934948713908e+00 2.949937474699511952e+00 3.352432516857085876e+00 -1.660173520189198191e-17 -5.278351093266516196e-19 3.909164226833389488e+00 0.000000000000000000e+00 1.701672269498287093e+00
1.738955226747634919e+00 2.121114817015275822e+00 5.009735199432957796e-10 7.320863979018783496e-01 -5.995085730037754620e-10 2.896571949621116637e+00 4.257577973871857324e+00 1.687203034089059139e+00 8.155005681076927873e-19 2.592808087696923489e-20 1.558730840108901949e+00 0.000000000000000000e+00 2.065160290012860944e+00
2.440208636804801934e+00 1.802110001342694501e+00 -3.641843389073997685e-09 7.774341639155989414e-01 1.710559943473626568e-09 2.329045066458243163e+00 4.246592687548830014e+00 2.664673260125602461e+00 2.351133013445849383e-17 7.475186578589496681e-19 2.247998428802790549e+00 0.000000000000000000e+00 3.075351200902145976e+00
1.882919659895226472e+00 2.076292374261547113e+00 -6.739446625302817263e-09 1.515674745396314194e+00 3.650178305915423931e-09 2.813793130340273230e+00 3.759107321367145094e+00 2.118068759656356548e+00 3.400061258335819000e-18 1.081012220128264053e-19 2.635756496191733245e+00 0.000000000000000000e+00 2.140871622884801706e+00
1.467228638898952164e+00 2.108899579721772444e+00 -1.638650398576019996e-09 4.974113817533534765e-01 1.385364331028460039e-09 3.434310743702680746e+00 1.808563646920511525e+00 1.533103878197212833e+00 -6.136223617839125421e-17 -1.950949304284130052e-18 1.642819735882431686e+00 0.000000000000000000e+00 1.025044169177908859e+00
2.126390510960889380e+00 7.495231513899394127e-01 -1.159338771671738419e-08 4.918466456715048229e-01 6.202564216557950008e-09 4.912708905695863493e+00 1.044560571162797880e+00 2.174788168219705220e+00 -1.645113571727839104e-17 -5.230468182648977522e-19 1.554829739133025468e+00 0.000000000000000000e+00 1.058716518144971808e+00
2.546291387474687529e+00 1.518572879128148090e+00 3.246902248297471551e-09 1.428909812546493630e+00 -2.852742196598930789e-10 2.186662324495419085e+00 4.273722855856617819e+00 1.229217783830229838e+00 4.195328519689367575e-18 1.333863768027492767e-19 2.389976782613469464e+00 0.000000000000000000e+00 3.795876150802963700e+00
1.453549972268465940e+00 2.605554009007273297e+00 -5.719296751591330152e-09 6.482865925024399179e-01 4.154380395739202594e-09 4.099708789211606863e+00 3.714665845583727588e+00 1.631706472780596773e+00 3.086849121584602397e-17 9.814317444997377666e-19 2.208787559113576382e+00 0.000000000000000000e+00 2.905689863927290340e+00
2.220268038063195171e+00 1.428588782321400963e+00 -1.193228877703777886e-08 1.017988039820704183e+00 7.367165030866378938e-09 4.981299487468220377e+00 1.564835385721708771e+00 2.978946405941664821e+00 9.533841343881687252e-18 3.031188732201482117e-19 1.442376321755910018e+00 0.000000000000000000e+00 2.057417143620792643e+00
2.487456475444089321e+00 9.296114494334528633e-01 1.874264415580361436e-08 9.505037563641932641e-01 -1.087560245384229604e-08 3.333087491073247755e+00 1.829936140615421536e+00 1.584726702301339607e+00 -3.783355303983609994e-18 -1.202883169770004240e-19 9.710647804607738243e-01 0.000000000000000000e+00 1.524044955856139305e+00
3.756910570912128655e-01 1.042389115384890985e+00 -2.877954415908631738e-09 -2.169187824928120456e-01 3.542040057001692544e-09 3.043245400295090164e+00 2.710070961277768475e+00 1.675137093613837891e+00 2.071768543935636305e-17 6.586974653887479822e-19 1.463869707120486030e+00 0.000000000000000000e+00 1.321817825728486717e+00
1.969239160570384062e+00 2.630473108914773483e+00 6.143008928943829176e-09 5.674286810735316156e-01 -3.119022133237963793e-09 3.232092040067308325e+00 1.298924543223898942e+00 1.117858953338996653e+00 -7.165546499804161189e-18 -2.278211973545966657e-19 2.230612581998579813e+00 0.000000000000000000e+00 1.854414704851635509e+00
5.612818660043890073e-01 1.791013578858654975e+00 -6.712063928668366613e-09 9.438775202182416724e-01 8.211282094529169339e-10 2.139553463408334633e+00 1.245016498744343281e+00 1.147385358711636272e+00 3.462265541519825007e-17 1.100791559169054980e-18 1.380496890896600437e+00 0.000000000000000000e+00 7.960807977710990802e-01
-3.914169687782464990e-03 1.670851835119346873e+00 4.710346467564457433e-09 1.302197251765010444e+00 -1.857918042371150539e-09 3.616485494301936665e+00 2.102832423774787962e+00 1.151334672444709328e+00 3.524393358028255394e-19 1.120540040248837624e-20 2.782439512636397438e+00 0.000000000000000000e+00 1.295901535742241872e+00
1.466411037495685799e+00 1.826211452492194631e+00 5.194121183589859771e-09 1.403231709549518147e+00 -4.910339818202341570e-09 3.800231300857641603e+00 3.298749283413396682e+00 1.441593723916689829e+00 1.872641110708614688e-17 5.953870022322928366e-19 2.662504141437533889e+00 0.000000000000000000e+00 2.106798061680715151e+00
1.546644817862124599e+00 1.246446005903488974e+00 -4.264076052772619670e-09 1.178880506448352072e-01 -1.390478741368545830e-09 4.517600677504111317e+00 2.580637585549420798e+00 2.879455944228349829e+00 -7.212506603259103603e-18 -2.293142228861178045e-19 1.742844039257681610e+00 0.000000000000000000e+00 -7.399056973360873535e-02
3.137035714443233481e+00 3.361660647085975562e-01 -5.865531132392214580e-09 4.431803513662625482e-01 6.516106838557845071e-09 6.400344876923900195e-01 4.357104359377222735e+00 8.699343839441239234e-01 4.736474998528264947e-17 1.505913481631732980e-18 2.805185995964200707e+00 0.000000000000000000e+00 1.224946141029411129e+00
1.972770470633596895e+00 1.767102665446353083e+00 -7.969784425844669611e-09 1.635499081820229739e+00 4.685649282025642840e-09 4.742535013342417116e-01 1.523206566714810029e+00 1.663894649758411282e+00 1.078171898325015815e-17 3.427935860238818648e-19 1.389365438101438865e+00 0.000000000000000000e+00 1.277607818936685957e+00
2.300112463758926751e+00 1.600070910218458486e-01 -6.672978190094506470e-09 8.539772861104307777e-01 5.372103392041868969e-09 3.183312567743698196e+00 2.639277273821612368e+00 2.947560357281267862e+00 8.843792039224281132e-18 2.811792940645236207e-19 2.563987225781452661e+00 0.000000000000000000e+00 1.395510671621780885e+00
1.255688794424427934e+00 1.393334937025432652e+00 -1.705354869613297542e-08 1.046553907036801734e+00 9.009418673392285649e-09 2.933098619634574966e+00 2.315747301363465738e+00 1.636400676414093480e+00 -2.959940522188505662e-17 -9.410827562919675694e-19 1.591368145418568192e+00 0.000000000000000000e+00 1.578151390944388499e+00
1.503093728392985495e+00 1.628623209636748115e+00 1.301385865445989023e-08 8.878059104241222688e-01 -6.492686515324542378e-09 1.252609444230557090e+00 7.718530976336679394e-01 1.535365206366414270e+00 3.805764568928144124e-17 1.210003613028380635e-18 2.572593905650960799e+00 0.000000000000000000e+00 2.574567347172720400e+00
2.188927530297582358e+00 2.131368912708493824e+00 -4.901268452011620422e-09 1.164858400885882883e+00 8.033398149736770884e-10 5.586722307196092530e+00 2.574414908725576101e+00 3.169881843198818494e+00 -6.022504300010098211e-18 -1.914796350060968579e-19 1.581826614309865597e+00 0.000000000000000000e+00 1.258378817222296275e+00
2.176241192704455596e+00 2.185335174260606639e+00 3.612139282769250554e-09 1.194756163591305098e+00 -7.294701761771507195e-10 -2.189667983137049134e-01 2.857015239911246063e+00 1.532946723356084506e+00 4.462761234503846466e-17 1.418888511432180371e-18 9.580189153947964442e-01 0.000000000000000000e+00 1.214958586310219690e+00
-1.332863354822655388e-01 2.283746722400910478e+00 -4.339037358285727910e-09 1.011372416766092019e+00 4.092831141956372964e-10 3.798949118347457521e+00 2.208248124914768518e+00 1.311994376001604179e+00 -5.272446157355883238e-17 -1.676320031754916801e-18 2.191253999222858795e+00 0.000000000000000000e+00 2.229112178450281867e+00
1.849953854714934565e+00 1.746012255916561395e+00 6.155911562137011615e-09 1.612772730604386862e+00 -2.755114455085319239e-09 1.194953771620993255e+00 3.369820313351640007e+00 8.854327048874450767e-01 3.089897892534857459e-17 9.824007028285205495e-19 2.261044348948000327e+00 0.000000000000000000e+00 9.025429817136825239e-01
1.394266747501017090e+00 1.877015843009986584e+00 -1.058342991181771692e-08 6.999794303047726096e-01 5.542570189067546632e-09 3.804735389062740225e+00 -8.792478061181778770e-01 2.837349876669483795e+00 -1.048552417690437452e-17 -3.333765222816747943e-19 6.993295290449932367e-01 0.000000000000000000e+00 1.237898306542699611e+00
7.713274639177434278e-01 3.281803375232688502e+00 8.455738298663596123e-09 1.525114365341045719e+00 -4.422673649461772927e-09 3.725587183797654856e+00 3.803265186422485122e+00 1.546892441600896451e+00 -3.545983423817403565e-17 -1.127408540693739696e-18 1.599113150991257282e+00 0.000000000000000000e+00 2.014069562131120428e+00
-3.653589635193619234e-01 2.727758072780459120e+00 -1.483565938311969571e-08 8.139533231056503837e-01 8.629850538136366898e-09 3.837760279957889598e+00 2.439837837623111128e+00 2.448276321430089109e+00 6.507003705802560382e-18 2.068831932810429514e-19 2.770413068977981563e+00 0.000000000000000000e+00 1.447840604694508482e+00
1.109945846009408044e-02 2.963778235860972110e+00 -1.496414545544310162e-08 6.341477391055869717e-01 8.575966836966611746e-09 2.881255852616483093e+00 1.461002443986117338e+00 1.356106419203829461e+00 -1.119233222326616663e-17 -3.558487572383015226e-19 1.849832567409941841e+00 0.000000000000000000e+00 2.541551221541054062e+00
1.125272714873809532e+00 2.851162272360897809e+00 -1.247607900993814233e-09 9.233587511105851853e-01 -8.634570791377524654e-10 1.758524876698038586e+00 3.062259934319772725e+00 8.151089326419231895e-01 1.093555403058787044e-17 3.476844720563013865e-19 3.071264331006800852e+00 0.000000000000000000e+00 1.848466170056005220e+00
1.093244715631957353e+00 1.544473979077864545e+00 8.551212431657573326e-09 7.598605488227028193e-01 -2.742648154277707943e-09 3.535842952481299317e+00 3.173448455578248950e+00 1.302415691843711532e+00 1.773160982130500235e-18 5.637629482067115758e-20 2.704230475282009216e+00 0.000000000000000000e+00 8.341101748770468616e-01
2.159565067620211831e+00 1.952852172912291406e+00 -2.719489468016086711e-09 1.031260609870590983e+00 3.492068010379542875e-10 5.971091762207851872e-01 1.932612484985508639e+00 1.781149655258584819e-01 3.593645972740301985e-17 1.142562777203330284e-18 1.287072558661604749e+00 0.000000000000000000e+00 1.903094339866006290e+00
2.352069716907713826e+00 1.003145704837962615e+00 1.631595805744179301e-09 9.050547474511759782e-01 -1.459881323950490544e-09 3.689113303104297081e+00 1.079663054653841270e+00 3.572295425000247882e+00 -3.397489235539830856e-17 -1.080196044311728240e-18 1.570672154373039753e+00 0.000000000000000000e+00 7.901185591391245433e-01
2.722197681761973520e+00 1.055996739073432611e+00 4.918072114323101735e-09 5.555449155660956428e-01 -3.444138335128772775e-09 2.268229855960322894e+00 2.307453675285843886e+00 6.773088950740238090e-01 2.504285506314675300e-17 7.962114260304089168e-19 2.052706628836387104e+00 0.000000000000000000e+00 2.222925477345834011e+00
1.192513270901458311e+00 2.617913714766438193e+00 3.799972874372136152e-09 5.540567935812652500e-01 -5.810539492762771333e-09 4.739767074175897932e+00 1.599992106161983063e+00 2.557957490677262413e+00 1.674179646681306924e-17 5.322877731055151648e-19 1.934301039039450609e+00 0.000000000000000000e+00 2.222587706684862940e+00
2.868709633508608192e+00 2.007089115123859457e+00 -2.333242118038272969e-09 1.215864064163290736e+00 -2.684625111181206879e-09 2.423543174047287696e+00 1.657807622642505807e+00 3.068695778617123615e+00 -4.357796860551539798e-17 -1.385516978803296158e-18 1.854907396422597277e+00 0.000000000000000000e+00 1.467607131271505994e+00
1.949655518522527053e+00 2.198365112886994766e+00 -1.782106116561018198e-08 1.093247314515420454e+00 7.674131787631709694e-09 3.865024672018096741e+00 2.526212715001584286e+00 2.415619472603557139e+00 -3.885593998932064330e-17 -1.235384263596104151e-18 9.694522574860122699e-01 0.000000000000000000e+00 3.221528278821208069e+00
2.222548248991309539e+00 8.609743302431900336e-01 1.118040341761226615e-08 4.085030100203804748e-01 -6.057813515498345956e-09 2.227092035825669392e+00 3.529772235149700954e+00 2.582525859485396147e+00 1.030112339543433759e-17 3.275134959926318091e-19 3.289648318297980545e+00 0.000000000000000000e+00 1.755082364432713371e+00
2.263083807742546139e+00 2.540712980356511608e+00 -7.779378684701282651e-09 1.003825272059419627e+00 5.858362025649773787e-09 1.001583449675024218e+00 2.894668671721823738e+00 2.173674759806263346e+00 2.068887088113610400e-17 6.577810298708605793e-19 2.180573963133661586e+00 0.000000000000000000e+00 1.862687713311367954e+00
2.024289003551855259e+00 5.479636298666032967e-01 6.084323719042350632e-10 6.148665684966236888e-01 -3.346891254935312115e-09 4.313843380162920127e+00 3.439268556909009789e+00 1.631721043056592491e+00 -7.710583792707318807e-18 -2.451499943508193884e-19 1.901670954472695740e+00 0.000000000000000000e+00 2.152300413350294317e+00
1.201377915840354804e+00 2.932536310645228017e+00 2.765323917787377277e-09 1.027361782932142198e+00 -7.626701172956714685e-09 3.670496951475731073e+00 1.457917257669435251e+00 1.978442915749402342e+00 -9.221454119665454529e-18 -2.931868167733634694e-19 2.186974345699183697e+00 0.000000000000000000e+00 2.495529101682029793e+00
1.533864226186208102e+00 1.568683204644506057e+00 4.604345128315228872e-09 1.144857180566593025e+00 -2.142030321296860458e-09 4.030772380269088906e+00 3.422929577589146177e+00 1.783845133398614724e+00 4.671033424594276591e-18 1.485106252455896108e-19 1.232511600856191158e+00 0.000000000000000000e+00 1.794179295981859656e+00
7.886788759322304054e-01 2.298690475248602372e+00 5.641883400416832244e-09 1.797489570843085804e+00 1.974164766289020533e-09 1.731533185771880312e+00 4.369913780984599150e+00 6.544949006450742068e-01 -3.617138737678772963e-17 -1.150031711740144937e-18 2.621964618956396098e+00 0.000000000000000000e+00 1.830082002482089854e+00
1.492187280227392998e+00 1.014875463668109878e+00 -3.180515488396946786e-09 1.344227545005644675e+00 2.035597394447569453e-09 2.969808933080370306e+00 3.454125566121973634e+00 1.893268717359413378e+00 1.303577319912736090e-17 4.144590370713186033e-19 1.339912563135235546e+00 0.000000000000000000e+00 6.732501866659035272e-02
2.000864527542846272e+00 2.573194930234866451e+00 3.244719415590446401e-09 3.969901502017824102e-01 -2.161860101766220289e-09 2.107489164612570853e+00 5.190428307455968060e+00 1.907254517112291881e+00 4.943358064391049871e-17 1.571689667639247475e-18 2.932242915468500577e+00 0.000000000000000000e+00 2.372901493884372659e+00
1.237255719660434350e+00 1.582805890471274957e+00 5.056815374485741494e-09 7.025148248595767253e-01 -5.141318338125009267e-09 2.829094930991648660e+00 2.471662002872922592e+00 2.242035449080700626e+00 -1.877065990991898955e-18 -5.967935476515005476e-20 2.260967643011928985e+00 0.000000000000000000e+00 1.372214608669723335e+00
1.861751361094093449e+00 2.373050684251609699e+00 3.286838645923650817e-09 7.410666824135309083e-01 -3.591311858199586898e-09 3.579969473897482324e+00 2.759437279757286809e+00 1.097279774112098760e-01 -6.060899057042920663e-18 -1.927000324211132958e-19 2.413819707607758769e+00 0.000000000000000000e+00 3.356343748339038591e+00
1.839989609131660098e+00 2.880717548880225021e+00 4.231973866874793246e-09 7.985354248077202177e-01 1.077883864359668895e-09 1.559523621163044993e+00 1.933123229686584788e+00 1.989080986036963594e+00 5.727753769531100842e-18 1.821077786806375726e-19 2.085405427712566873e+00 0.000000000000000000e+00 1.472137302936287417e+00
2.383313321280400299e+00 2.618162335681613495e+00 -2.228842545087640192e-09 8.511477107796455721e-01 1.901230679591379177e-09 1.037508636660077199e+00 4.011947397657523062e+00 5.961515964805412793e-01 -9.739795878316814078e-18 -3.096667417679348373e-19 1.728420419094876426e+00 0.000000000000000000e+00 1.757239947622023735e+00
1.609204254619152064e+00 1.475167676058324551e+00 3.132618772697601811e-09 5.802214851492679681e-01 -1.512417758211343091e-09 3.615287440327739521e+00 4.087046992749796104e+00 1.204890475314913889e+00 -3.940708022919751880e-17 -1.252907312478695060e-18 2.909863237722135842e+00 0.000000000000000000e+00 2.950539207391000840e+00
2.861627951930489910e+00 8.868565272182182824e-01 5.409960664129030684e-09 2.760697010656000261e-01 -5.313152667407094530e-10 4.582750500171130170e+00 1.764202657473036950e+00 3.130389928495507235e+00 1.661927353825956177e-17 5.283927884447801998e-19 1.105591191839912613e+00 0.000000000000000000e+00 8.701693748840266807e-01
2.396277232337353347e+00 2.124743855837565309e+00 2.381629588698430695e-09 1.700947085458502261e+00 -1.575363217776534067e-09 2.401602164096898751e+00 1.457345738691561143e+00 2.252075856777444596e+00 3.416189719626630669e-18 1.086143668687944384e-19 5.529855806744257141e-01 0.000000000000000000e+00 1.430034604809431897e+00
3.053368214225491428e-01 2.728968214516463764e+00 3.717572404298816652e-09 1.482083413912327341e+00 -3.086391325653483166e-09 1.872875924948174120e+00 3.703521860247629416e+00 1.374052858078141703e+00 -2.175224223337257807e-17 -6.915902223169764770e-19 2.115700805524709516e+00 0.000000000000000000e+00 1.386184593627044492e+00
6.772616843744231341e-01 5.821964574173668083e-01 6.014770715847293389e-09 1.141829625419113148e+00 2.318110199151371817e-10 4.878178336462697828e+00 3.434032338482818858e+00 1.592425107295868836e+00 2.112251310722667013e-17 6.715683843375180098e-19 2.129684423829178996e+00 0.000000000000000000e+00 1.533949507928205058e+00
1.348035619817989916e+00 2.493757473085466803e+00 -3.099506106843791480e-09 2.120105396637210760e+00 -7.420015998449858519e-10 9.090731544049686086e-01 2.639526305932999417e+00 1.678387411437001431e+00 -2.690354069712208953e-17 -8.553700634807145993e-19 1.884038234458777605e+00 0.000000000000000000e+00 9.133336363125102997e-01
1.303256118600130131e+00 1.375956427195025533e+00 -2.498777648187513796e-10 9.099606758643520310e-01 2.842591626289194387e-09 7.380380844089249326e-01 9.923717394788802437e-01 1.216141118684042510e+00 -1.494056636912350829e-17 -4.750199474589874669e-19 2.703358679368637052e-01 0.000000000000000000e+00 8.535270495054175788e-01
1.260493480551647005e+00 2.547847198298439864e+00 7.154126421974543156e-09 1.310094106852108364e+00 -2.853655339647596420e-09 3.176998317777027125e+00 2.116241201626799739e+00 1.981905821261683354e+00 8.741956245011602970e-18 2.779415148465328172e-19 2.443554683691043117e+00 0.000000000000000000e+00 2.257413765588560217e+00
1.239104732374935569e+00 1.951055616555131600e+00 -1.260466138501875720e-08 1.402811336335777925e+00 4.661080748495006530e-09 4.529092186233549810e+00 2.613490923881308436e+00 2.221384131524202221e+00 -2.827112863094690710e-17 -8.988511109033621036e-19 2.010989589886594597e+00 0.000000000000000000e+00 1.635578067547871495e+00
1.854530802777564213e+00 1.982918990589127350e+00 -3.300278186180736820e-09 1.142020871207714006e+00 -1.606368947068582940e-09 3.240947408141140684e+00 1.318614796794759458e+00 3.284698716827825216e+00 -7.055382840763875124e-17 -2.243185714846059039e-18 2.836068673142442265e+00 0.000000000000000000e+00 9.939081692330755669e-01
1.348957680414247129e+00 1.740738946646865903e+00 3.740093596222616832e-09 2.185178818414902580e+00 -4.810925563645982518e-10 1.937303449965512403e+00 5.277365589912057509e+00 2.539622108332951100e+00 -1.030947060405691509e-17 -3.277785562769312817e-19 2.577179677090462917e+00 0.000000000000000000e+00 1.999886977259499155e+00
4.569991110904194631e-01 2.837482026811408709e-01 5.960306406179795381e-09 6.502885144089496361e-01 -2.705907668478699439e-09 4.514782194829103368e+00 2.294406785045198571e+00 2.002070049795514617e+00 2.960898993092125591e-18 9.413913065451649481e-20 1.657337551627206418e+00 0.000000000000000000e+00 6.160474196750032050e-01
3.341015929434754117e-01 2.168116345451559290e+00 -1.777573573988469363e-09 8.417900610460000710e-01 -6.495433907318681245e-10 3.390468739773441431e+00 6.616199374598612515e+00 8.889845958436770612e-01 1.560887691255099756e-17 4.962680149222307147e-19 9.866212859244545275e-01 0.000000000000000000e+00 1.437830946456000181e+00
8.998212354805119606e-01 1.906686877739431907e+00 6.372211830615890917e-10 7.246366572112000748e-01 5.201746268743048273e-10 2.108497611317574627e+00 4.194449755844191330e+00 -1.395494356545110559e-01 -8.542694536029339434e-18 -2.716062023223349856e-19 1.998792901919068221e+00 0.000000000000000000e+00 1.802863041642293496e+00
5.634009709455740644e-01 2.514079658105682125e+00 7.150438503559495807e-09 1.584964028550782000e+00 -7.295570926751885562e-09 3.082571387074676483e+00 1.830979586304991358e+00 2.424126174924260191e+00 6.766084633620935200e-18 2.151206410390990135e-19 2.315673874052387227e+00 0.000000000000000000e+00 2.721389221961722171e+00
6.314505548827574755e-01 2.361665143475285333e+00 -7.201297288521118590e-09 1.096382414677755657e+00 -1.533405107676751905e-09 2.451438057007786497e+00 1.243436190269001207e+00 2.155727830248542087e+00 1.924337833226415684e-17 6.118230845538748298e-19 1.731835820736976617e+00 0.000000000000000000e+00 6.310810427159077030e-01
1.956559595512860517e+00 1.166713439029255728e+00 1.771912705189964395e-09 1.087178522712655360e+00 -1.467279606840750114e-10 2.901659471299611326e+00 2.621002336810838163e+00 2.574004058737919820e+00 -1.203174650857026048e-17 -3.825369921357874522e-19 2.391292583388483717e+00 0.000000000000000000e+00 2.017620272566105655e+00
3.233953517747961470e+00 1.418630194058644101e+00 -1.341065484089005322e-08 1.106502030747870124e+00 8.394061552170341128e-09 8.584288443814123148e-01 2.152592406430394512e+00 2.604135571997330256e+00 3.106546643934029441e-17 9.876940650285771711e-19 2.105332573245831451e+00 0.000000000000000000e+00 1.279755532855260558e+00
2.510300333329586575e+00 2.362310228416436786e+00 -7.287031553529035689e-09 4.978002063442700242e-01 5.860796150341733002e-09 3.634285073833169566e+00 1.417731319342619756e+00 2.800851945506975138e+00 -3.398812383985321440e-17 -1.080616977522736853e-18 1.940227608944773419e+00 0.000000000000000000e+00 2.294667222197214862e+00
1.936094183378828326e+00 5.196049893192666858e-01 -2.203452961021751927e-09 7.418086134234482820e-01 -1.824521251760376836e-09 2.042704252954604893e+00 2.244207041445444251e+00 2.932786993349355775e+00 -2.537368199582069694e-17 -8.067298969879515626e-19 8.685353844862354622e-01 0.000000000000000000e+00 1.668598384753131381e+00
9.915383585941222044e-01 2.292766289408723512e+00 -2.920719680874869687e-09 1.399252642108136602e+00 2.928714728908949692e-09 3.518664458452959387e+00 1.953920300692267631e+00 1.539611958678828163e+00 1.256063679148445954e-17 3.993527258912521674e-19 1.774045290290407362e+00 0.000000000000000000e+00 2.956423245118116494e+00
1.071041176745932466e+00 2.661075229019968624e+00 -3.856713724054232046e-10 9.829943642539751281e-01 -9.248682083984916045e-10 3.774052632288099396e+00 3.718950081757451009e+00 1.538292321066689450e+00 3.245977419221443135e-17 1.032024847506120113e-18 2.469163522847348524e+00 0.000000000000000000e+00 1.927664935621933084e+00
1.563663221315102048e+00 2.215625688783963376e+00 -5.628658274540569979e-09 1.758942102754493808e+00 -1.123407111487276428e-10 2.760543201864401386e+00 3.497304753561683022e+00 1.987823335599945951e+00 2.575781260705330230e-18 8.189416710534090755e-20 2.850777694408953344e+00 0.000000000000000000e+00 1.233641897463181092e+00
2.644063852163565098e+00 1.183185411360867523e+00 -8.615855459406832198e-09 9.292332612255945756e-01 9.171451038722233310e-09 1.552578621344667953e+00 3.839863847083885062e+00 2.500170794259945151e+00 4.535876275109064199e-17 1.442134739699004609e-18 2.224519785917673964e+00 0.000000000000000000e+00 1.385913285782540916e+00
1.511151823496580615e+00 2.596479598173792702e+00 5.831275397625858808e-09 6.782291142698324560e-01 -2.637724208611498144e-09 1.627539330376498450e+00 1.174633231096854580e+00 2.192345998840664834e+00 -1.582184658445086911e-17 -5.030393313270581817e-19 9.189127212513542586e-01 0.000000000000000000e+00 3.080816604675530090e+00
1.859514026201632753e+00 3.469183305699806485e+00 4.893082562654357292e-09 1.772132843759579579e+00 -6.257879519812268709e-09 2.520375653845127850e+00 2.947646278676762321e+00 2.055783071824232699e+00 1.612669262556007256e-17 5.127315225220696570e-19 2.414873195266129091e+00 0.000000000000000000e+00 3.071629049692229607e+00
8.018436169096873067e-01 6.942911447980855133e-01 5.673301999913261075e-09 6.816510889309219667e-01 -1.108895340783341787e-09 3.752094609511274825e+00 1.419623904801956327e+00 3.360605420194081372e+00 5.799314396491907211e-17 1.843831804816477966e-18 2.281057517011362279e+00 0.000000000000000000e+00 1.623849180804004089e+00
1.728530902226524280e+00 3.142155851457698379e+00 -4.191933269125817648e-09 5.532790965304553721e-01 2.972481224212604742e-09 3.504443785142357548e+00 1.512451675122683303e+00 5.746899786271271182e-01 2.596077364874366299e-17 8.253961529893201520e-19 4.532149444158395379e-01 0.000000000000000000e+00 2.492679405798345016e+00
9.176162000214026504e-01 2.020183745805140152e+00 4.385310875634418058e-09 8.393490098856597470e-01 -3.759085637474397672e-09 1.317891863293224830e+00 1.986847981104925775e+00 1.367030193200972521e+00 -2.869195512576277234e-17 -9.122308029526758162e-19 2.319177340752621497e+00 0.000000000000000000e+00 5.615148392900148888e-01
7.387075342977135195e-01 1.586279690628336070e+00 3.543195213357911045e-09 7.648406679810652031e-01 -2.443192868607958305e-09 5.058468017643006576e+00 2.849643576842061599e+00 1.683676834971452152e+00 2.459539359014417122e-17 7.819846789491662167e-19 2.064477362865321020e+00 0.000000000000000000e+00 1.630487030708291929e+00
1.394536173720620553e+00 2.996425203917553404e+00 -3.223876829530905854e-09 1.404454452129560771e+00 1.775124955341602448e-09 1.265889209562582884e+00 -1.683321513282227677e-01 2.697746515794733568e+00 4.143367847776467406e-17 1.317340655326739375e-18 1.537826326371896535e+00 0.000000000000000000e+00 1.912354778140519240e+00
1.787922046777171481e+00 1.208104944003234760e+00 -5.093221399701361275e-09 7.618353988241138852e-01 4.074840138441296181e-09 2.487834521233211138e+00 1.401623088250758320e+00 3.329038659407780543e+00 2.184492174539436172e-17 6.945366213252428268e-19 1.391226879041369990e+00 0.000000000000000000e+00 1.069010136149166845e+00
1.719411304895700932e+00 1.867644316590653553e+00 -4.321633693225626981e-09 1.571548273217843628e+00 -5.887264291891929233e-10 3.727790704640405295e+00 4.232699703617734066e+00 7.779181164515376334e-01 -8.457829923204397586e-18 -2.689076801351336552e-19 1.755644860343323899e+00 0.000000000000000000e+00 2.459700909893182352e+00
2.033156207809194704e+00 1.296569955953605913e+00 7.754250662913552444e-09 1.637494568832869035e+00 -2.284014673963701611e-09 2.468693417201229146e+00 4.567170305844232558e+00 1.821467755268909583e+00 -1.939948407617385499e-17 -6.167863703700923119e-19 2.810425809195008284e+00 0.000000000000000000e+00 2.070462346232869955e+00
7.297337060072497383e-01 3.845069677614961989e+00 3.035809924112757453e-09 2.115045632557499111e+00 -3.563286155409840222e-09 3.199499129970636790e+00 2.990818276655388352e+00 1.399153627422789592e+00 -4.708303554937519093e-17 -1.496956230796750498e-18 1.752524819736162476e+00 0.000000000000000000e+00 2.473428911514085282e+00
1.000689066990099629e+00 2.842841251068836783e+00 7.083759621101352018e-09 2.318665632031279955e+00 -5.898577058909506548e-09 2.629321064007855036e+00 2.988476434388435798e+00 1.181776345320762367e+00 2.415744547334983109e-18 7.680564720170370801e-20 1.884917276774214612e+00 0.000000000000000000e+00 2.139778390105618655e+00
3.672935462671862439e-01 2.089553523334353180e+00 -4.483419605780266248e-09 3.912844584625664313e-01 1.454120047843905297e-09 1.982941135316266479e+00 1.356330227732564619e+00 1.199220887449933493e+00 7.060382188219225993e-17 2.244775501983097139e-18 4.736698575061457639e-01 0.000000000000000000e+00 7.066335082854040550e-01
2.208859875555047481e+00 1.024218329345661926e+00 -2.261262980560372001e-09 5.701322965496643524e-01 1.848015561044728561e-09 3.339576996658667252e+00 1.506879136681843034e+00 2.748098484085887971e+00 -4.246144330253731555e-17 -1.350017833967947825e-18 2.677676976523853281e+00 0.000000000000000000e+00 7.992670499036678144e-01
1.258638744903359141e+00 2.582998799408352752e+00 2.462312585983254587e-10 8.278299024375032067e-01 4.196512647700583103e-10 1.250118459014679884e+00 5.795664244039837598e-01 1.701382202361803486e+00 -1.844449220115404734e-17 -5.864235513355296841e-19 1.480619055949416341e+00 0.000000000000000000e+00 2.150339063135489059e+00
2.371140427538243500e+00 1.229227360818411441e+00 -2.185394767585499899e-09 9.014800120841643949e-01 1.963335823917361900e-09 2.624130218991290953e+00 1.669680578308280428e+00 1.019362193939736816e+00 5.587727763311403335e-17 1.776559858207955086e-18 9.336172114643592757e-01 0.000000000000000000e+00 3.901091287835267707e-02
2.271343638588577019e+00 5.566816156068807864e-01 7.665152949563105798e-09 6.265110256589562221e-01 -6.069843448749450632e-09 3.272694566183326437e+00 4.175700344947217424e+00 2.516458890566778628e+00 -8.596749886394044199e-18 -2.733248316230543859e-19 2.418320263383714419e+00 0.000000000000000000e+00 1.906179390702563037e+00
2.492838556044900233e+00 2.124602582753547964e+00 6.786276955736218084e-09 9.874618413804389094e-01 -4.640200459013315540e-09 2.964033259292021771e+00 1.174586079867903532e+00 1.388335751422202335e+00 2.386184165162271233e-17 7.586626276760073424e-19 4.007098690978829758e-01 0.000000000000000000e+00 1.578216540313474914e+00
1.615476462366689958e+00 2.884562469747729008e+00 1.039512475082118256e-08 1.404600948855888376e+00 -7.268833783345250641e-09 2.331753987035770415e+00 3.427545064766635008e-01 4.487285587865011749e+00 5.150748709413972972e-17 1.637627232234164704e-18 2.532427123540650804e+00 0.000000000000000000e+00 2.239858803242022578e+00
8.549081291856400755e-01 3.235407419704173559e+00 3.166898971813991011e-09 1.213866427887200228e+00 -2.984187391274293619e-10 3.229533643932436249e+00 2.695390817330187261e+00 7.884392222746776646e-01 -3.945369462589878178e-17 -1.254389482789663496e-18 2.725460326532834543e+00 0.000000000000000000e+00 2.229709786367578328e+00
2.374259862797410747e+00 9.854968632809381068e-01 5.510215877024687454e-09 6.489136418518264282e-01 -1.520475626485304075e-09 3.019492890077032587e+00 2.857521490098426931e+00 2.046278603888393999e+00 -7.234882829923758718e-18 -2.300256353968482372e-19 1.343891286746880853e+00 0.000000000000000000e+00 1.860971146577508062e+00
2.101240179604677127e+00 1.230196904048194373e+00 7.109190376830853495e-09 1.686220831350402793e+00 -1.514694676307985454e-09 2.137845784594682108e+00 4.514844464596159845e+00 5.668555306014255724e-01 -4.860093605770682317e-17 -1.545216322746757639e-18 1.735217187979660070e+00 0.000000000000000000e+00 1.308101184270373807e+00
5.324076309451595268e-01 2.070472948359162402e+00 2.395337658693757778e-09 9.661923064894200053e-01 -6.837269200187108316e-10 3.279684778937344891e+00 5.307656245645942406e+00 1.686120340165329745e+00 6.279055129553693911e-18 1.996365294668768327e-19 3.267349849654026972e+00 0.000000000000000000e+00 1.544278660475904230e+00
2.041741205613551990e+00 2.619794407143035020e+00 1.923406513178075521e-09 1.132169539248454759e+00 -2.850672167961827787e-09 4.633349403906681374e-01 2.601855659753963046e+00 1.462311292667504148e+00 -2.437857522590889437e-17 -7.750914693378104745e-19 9.158111685886033415e-01 0.000000000000000000e+00 -2.638247064264540587e-01
1.207612324042796503e+00 2.002835078652870582e+00 5.125066379736884775e-10 1.204470454160855297e+00 -2.209277712136748535e-09 3.098346140893916356e+00 3.425916848791996205e+00 1.508271662243382272e+00 5.820665307584856193e-19 1.850624200230135004e-20 1.188330865973385997e+00 0.000000000000000000e+00 1.558862193575972555e+00
1.507149200200093686e+00 3.306372948922850163e+00 -3.713005097048703814e-09 8.473997880146775241e-01 6.396728471500210642e-10 2.952620026491674654e+00 2.582760080291168769e+00 1.826695401252164785e+00 1.682083520593288709e-17 5.348009911151158904e-19 1.406181051357147993e+00 0.000000000000000000e+00 3.661736372379367221e-01
1.660470595491386980e+00 1.020403994530931113e+00 6.097297427383013080e-09 5.216307042705918828e-01 -3.922239963323335961e-09 4.263948477315525842e+00 2.114362198470109533e+00 1.613846076830173004e+00 3.934329177490013391e-17 1.250879360866886351e-18 7.403689440633416385e-01 0.000000000000000000e+00 -2.901797232233225277e-01
1.477397567370895226e+00 3.665635845810062410e-01 2.080750425592327996e-08 5.881495553640125884e-01 -6.642624980691246938e-09 1.437980317585963119e+00 3.484587747323261375e+00 2.679614885214493647e+00 -2.290971968917100174e-17 -7.283906694826891859e-19 1.810703970126583240e+00 0.000000000000000000e+00 2.072012129419515514e+00
1.917047005631118850e+00 1.251432767877175056e+00 3.292617728319089761e-09 1.433901800947351646e+00 -1.058570711907540381e-09 4.574404482384721859e+00 3.593637273232171747e+00 1.308766758541004993e+00 9.253661333252549224e-18 2.942107192716215704e-19 2.747251584266677149e+00 0.000000000000000000e+00 2.745052763364841830e+00
5.282059961266674097e-01 1.516216777609102007e+00 5.324754364625759241e-10 8.441474933568107186e-01 -4.933057946869672584e-10 5.454293786709765612e+00 2.022151752564138150e+00 2.998556520833479677e+00 -2.106026123493199826e-17 -6.695894734913216223e-19 1.144879580668092922e+00 0.000000000000000000e+00 1.796532516056918993e+00
1.110229374508148847e+00 2.550624705035422046e+00 -5.171991831705829362e-09 7.474660956973396830e-01 3.226004809310349692e-09 5.511513669569915841e+00 4.314348258919368462e+00 1.328152764428399912e+00 -2.647640410031680657e-17 -8.417899367335726367e-19 1.424005020247983033e+00 0.000000000000000000e+00 2.304667035814323306e+00
1.621527104061418090e+00 2.067857689998568560e+00 -2.615304610684881886e-09 1.455544481015164315e+00 6.976848462310242369e-10 2.832220720125055546e+00 3.311418097292526230e+00 1.244322097068656152e+00 -1.298971386677842027e-17 -4.129944676927067752e-19 4.893009507554753057e-01 0.000000000000000000e+00 1.252511618301602514e+00
1.469992198053478250e+00 1.759819991646508708e+00 3.411939930136024894e-09 1.130008642016072873e+00 -2.762848833964174771e-10 -1.295541306325267428e-01 3.825048592884079390e-01 1.920021625934119625e+00 -7.044562163932030622e-19 -2.239765057077586795e-20 1.754637030195320690e+00 0.000000000000000000e+00 6.400216665869771226e-01
1.858928128487030262e+00 1.658353765733919571e+00 1.049556680999994627e-08 1.007843932010027199e+00 -5.363892911718254837e-09 2.952806923875087808e+00 5.077149185242872065e+00 5.688213380908240246e-01 -1.512723525002763173e-18 -4.809562948517344837e-20 1.269001377747702719e+00 0.000000000000000000e+00 1.459212500747780084e+00
1.117204758395084152e+00 2.300831620294845337e+00 -1.962432381561386195e-09 1.642636647370842917e+00 2.079362729624774026e-09 2.834824089352611320e+00 2.805259822406188874e+00 1.419309352511717304e+00 -1.347707801726691150e-17 -4.284895766301306180e-19 2.600964573683751002e+00 0.000000000000000000e+00 1.388671118767313750e+00
1.960736393147247236e+00 2.356661329010859340e+00 3.158851642547252622e-09 1.566219303886810632e+00 -2.486800942965970014e-09 1.411546647331902493e+00 3.068075283287218014e+00 1.259896369236459313e+00 9.478801021586679728e-18 3.013691741741715992e-19 1.662186737075983745e+00 0.000000000000000000e+00 2.188258025369346882e+00
1.001378292693253513e+00 2.527284878508664345e+00 8.592518197224570676e-09 9.949611221662647553e-01 -5.503932129463236931e-09 4.449921684920235876e+00 1.294187075420576649e+00 2.261194608699407027e+00 4.807383608238134066e-18 1.528455698085815159e-19 1.394623319142763496e+00 0.000000000000000000e+00 1.805612605265377368e+00
1.906150320881633942e+00 1.917418387849244121e+00 1.081736461787126999e-09 1.453378795520900324e+00 -2.181882438218534646e-09 4.672830727499214909e+00 1.338468348124575158e+00 4.472749140388107669e+00 -2.438979320785221574e-17 -7.754482935737366363e-19 1.826615021737174605e+00 0.000000000000000000e+00 3.229743181632233728e+00
1.038387295392266818e+00 1.035375188397683166e+00 -5.726684822529740705e-09 1.137717865015627883e+00 4.550297523814236106e-09 3.796038180169095000e+00 3.510767556623375363e+00 4.132396420903687861e-01 8.709520909672807384e-18 2.769101149967552221e-19 1.532934164417665279e+00 0.000000000000000000e+00 2.539574790252199676e+00
1.152469029223123886e+00 5.729016695773974099e-01 -4.741517217089051339e-09 1.272361641394335718e+00 -2.341580148182401030e-09 1.616199067994446237e+00 3.289520197721465422e+00 1.295594474803634544e+00 -4.179731438806219224e-17 -1.328902257486761431e-18 2.764648233459148230e+00 0.000000000000000000e+00 2.356745400507116450e+00
3.577239249795030052e-01 2.260909972720984928e+00 -9.843362701910513259e-09 8.065578860695961083e-01 6.353644657833681049e-09 3.259451468278410147e+00 2.521023004395197997e+00 1.299658779314743828e+00 1.033082011036121232e-17 3.284578916342872445e-19 1.783646914968762154e+00 0.000000000000000000e+00 2.043959335245756126e+00
2.335496058785641260e+00 2.179082631469795750e+00 1.725543514759820523e-09 7.464748626234422035e-01 4.891258287266433141e-09 2.526748156151302105e+00 1.753629124468479628e+00 2.538717291692425437e+00 2.452237145190848374e-17 7.796633240150377614e-19 1.766108762713457736e+00 0.000000000000000000e+00 1.931337681693425123e+00
2.370076761675496080e+00 1.501743250965267062e+00 -4.867270022275792005e-10 4.582901001847481393e-01 3.019468595135455130e-09 2.309356431530807718e+00 1.239472939832284570e+00 2.291417406487805675e+00 -2.228234100818559408e-17 -7.084438832661363673e-19 2.073978598144772256e+00 0.000000000000000000e+00 2.330041621406561347e+00
2.050241912064530325e+00 1.428212962700780242e+00 -1.452088694927775319e-09 9.755676136063586856e-01 3.332159532428153920e-09 2.506265741478424847e+00 2.284121742723213444e+00 1.100513169486906140e+00 3.660688776959756969e-17 1.163878408079002726e-18 1.410748595235545189e+00 0.000000000000000000e+00 1.888552985496654957e+00
7.994110290335297853e-01 3.860038657518965355e+00 -6.741876947907714208e-09 1.343030311873498306e+00 1.110428144607955855e-09 1.892685241290841258e+00 2.549526368389107400e+00 1.972262637210195457e+00 3.859127748204108837e-17 1.226969302922329353e-18 2.550446544733121712e+00 0.000000000000000000e+00 2.047052478785187812e+00
2.153589827547057745e-01 2.914847648693229321e+00 -2.598333382388243126e-09 1.181415948362646517e+00 4.283947444049703862e-09 1.590516286468915297e+00 3.286974400253973805e+00 1.821798573766011398e+00 -1.959207741569567702e-17 -6.229098096318775855e-19 3.977561666858826062e+00 0.000000000000000000e+00 2.159465040745300435e+00
9.875093738340490201e-01 1.200900676467552497e+00 1.912003748453524965e-10 1.242126915993988057e+00 -2.518201998135620168e-09 5.075784840938294629e+00 4.558437449497665384e-01 2.847044208681704269e+00 2.995634530997498812e-17 9.524309745306106303e-19 1.452124788473641237e+00 0.000000000000000000e+00 1.398350312533963802e+00
1.625845297953624868e+00 2.129032435652312483e+00 7.935154786352879078e-09 1.239145124690077537e+00 -1.951767187453476783e-09 1.506518656087827202e+00 1.437033473721212706e+00 1.849345450590558437e+00 6.441596757510862658e-18 2.048037959647167330e-19 9.537028270538343566e-01 0.000000000000000000e+00 1.883981885705197534e+00
1.643663876581873851e+00 2.853698389191944074e+00 6.820109399633762217e-10 1.096621042343126184e+00 -1.915607486603141819e-09 2.926417521440199287e+00 3.140077914666987713e+00 1.866127569864354907e+00 -8.737386111251817896e-18 -2.777961831669096425e-19 9.033731399964182174e-01 0.000000000000000000e+00 3.021226240928017059e+00
2.350622720886946126e+00 3.183447501045128192e+00 -1.067398022726970508e-08 1.064980454797591847e+00 3.994222542133068047e-09 1.032155738892030161e+00 3.157301399278412912e+00 1.442613395062440462e+00 -2.478967238076922263e-17 -7.881617087958431483e-19 1.406733185171796130e+00 0.000000000000000000e+00 1.207575101371855197e+00
5.657894948889010678e-01 3.159352197886318159e+00 2.287176443296123888e-09 1.431349003987358426e+00 -2.075403809888806146e-09 2.137208679245838905e+00 4.570866871628075145e+00 4.706299190320613057e-01 1.825070823448143785e-18 5.802604837363032637e-20 1.707412264495253629e+00 0.000000000000000000e+00 1.245300932023582829e+00
1.426099487697250146e+00 9.857035537621586796e-01 8.184545850641230567e-09 2.683555917283863002e-01 -5.366776114135609197e-09 2.520941922815733260e+00 2.276660024198079224e+00 2.037438481198007523e+00 1.613373609952774549e-17 5.129556082361332640e-19 1.065394014443119097e+00 0.000000000000000000e+00 2.503083977206643773e+00
5.084580113274967950e-01 1.989560982185381910e+00 -3.773297001595237315e-09 1.694753033333584957e+00 -1.207861468645959039e-09 2.228259498004245831e+00 2.702673636063698481e+00 2.112992767931318294e+00 2.161197037329552338e-17 6.871301144438065814e-19 2.002149049509192480e+00 0.000000000000000000e+00 4.876025718742216242e-01
1.016816005795870614e+00 2.157603332427154186e+00 4.503538286833263489e-09 1.273329429481143915e+00 1.951905142142997074e-09 4.101494175851260415e+00 1.138277075024104468e+00 1.282170903207268564e+00 -2.328312703931009108e-17 -7.402631078736001919e-19 1.316656118602948844e+00 0.000000000000000000e+00 2.782734186007990385e+00
2.963636659913544413e-01 1.838947049270760914e+00 -1.830391543089763977e-09 1.437778001195778588e-01 5.116641337313114087e-10 4.288581357505442782e+00 3.331835439724622816e+00 1.221238738873154039e+00 3.355297505779989861e-18 1.066778603155333319e-19 4.063030790090145672e+00 0.000000000000000000e+00 2.502513006013524777e+00
2.085263651417304409e+00 2.467081712451354658e+00 -1.539491489540887251e-10 1.718701007524778834e+00 -1.068487339810183182e-09 1.536145721515522755e+00 2.052566560233378912e+00 1.987809764142256963e+00 2.641282245860685741e-17 8.397688124172295616e-19 2.789009810685666668e+00 0.000000000000000000e+00 1.390537411683796076e+00
1.211348100717434262e+00 2.544066727451582466e+00 -1.366227928727878138e-09 8.639030223130128583e-01 1.478479691700311223e-09 2.069014402275930031e+00 2.202761945601755755e+00 7.532614428258934680e-01 4.423994571433176996e-17 1.406563015956987342e-18 1.346167219943269711e+00 0.000000000000000000e+00 1.251830359991852326e+00
1.878365526756444304e+00 3.319710438929916130e+00 5.690618904362836343e-09 8.785306587139869450e-01 -2.601698011065718250e-09 4.150266661923538436e-01 2.682103431479331501e+00 1.702218827467821827e+00 5.748428324020003425e-18 1.827650866148327718e-19 2.392678878821596022e+00 0.000000000000000000e+00 2.457656966650164421e+00
2.896674045950373255e+00 5.457143459777651362e-01 7.561994661403180324e-09 7.258282532485362815e-01 -5.432622111478873920e-09 2.099042863909660550e+00 5.032194423161135077e+00 2.467174679075419874e+00 -6.793847336693022096e-18 -2.160033870976877167e-19 4.129140848169320144e+00 0.000000000000000000e+00 2.706081942392172035e+00
1.194273358407649477e+00 1.489445203705249909e+00 6.643583888680629227e-10 3.454848541268751294e-01 1.540393875145506536e-09 1.663148625177011342e+00 5.984209680084859428e+00 1.696183148814288666e+00 1.261646696139588344e-17 4.011274931370178188e-19 2.608235592923480617e+00 0.000000000000000000e+00 1.811299756376767878e+00
5.169984957702722372e-01 2.803321722402139837e+00 -6.059822137237484644e-10 3.978733891753197804e-01 -2.698203883238163908e-09 3.178760220640655110e+00 1.025260165455688099e+00 2.628964606291841033e+00 -1.458158695546316093e-17 -4.636063917854643381e-19 1.808434723827642365e+00 0.000000000000000000e+00 -6.497628028461899241e-02
1.618455979668927736e+00 1.403916768251021852e+00 4.993307752803105926e-09 3.947328498468025693e-01 -2.788117765216697208e-11 5.191499879956063879e+00 2.477520327226842234e+00 2.948235607717943907e+00 -5.110428381762694992e-17 -1.624807645901453961e-18 2.106292991183176699e+00 0.000000000000000000e+00 1.498354248612066231e+00
1.401942380314471048e+00 2.760672787624514513e+00 -8.017869156771168023e-09 1.160682667039368621e+00 6.786825709927832979e-09 3.312606762079486344e+00 4.078910816641892367e+00 1.306876513272932527e+00 4.588243207112166383e-18 1.458781756553574245e-19 1.923962773576238572e+00 0.000000000000000000e+00 1.893384626970422202e+00
1.695393704219959607e+00 2.012438586730406431e+00 2.168771450406865116e-09 4.724437888977169875e-01 1.966495426034247879e-09 4.116673219849243281e+00 3.458639046817170826e+00 1.985858719747619627e+00 -2.552819879932308408e-17 -8.116427871766959386e-19 1.620385980753864308e+00 0.000000000000000000e+00 1.416078907510823548e+00
1.343829744236679780e+00 2.512680851891650580e+00 -1.202311556144312309e-08 1.050863278768757958e+00 5.492602085803005348e-09 2.762628310461806347e+00 1.846722969553313831e-01 2.906829848367151303e+00 3.730084241920634479e-17 1.185941947505712024e-18 1.575640290276203892e+00 0.000000000000000000e+00 4.457562077249834775e-01
2.385367430233992891e+00 1.227088576020253008e+00 -1.313825111012487199e-09 7.536855872055432393e-01 3.421699683789344272e-09 3.985067741866460622e+00 2.656648032035007212e+00 2.336238160301964406e+00 7.363780664132865465e-18 2.341234598547062802e-19 2.360164048754399779e+00 0.000000000000000000e+00 1.393102297772766507e+00
1.898087521702477742e+00 1.547299545400279586e+00 -3.939547174240346315e-09 2.812606948803311191e-01 1.044189730070010423e-09 3.087966577834543092e+00 3.043939599461531920e+00 1.771838862100310941e+00 -1.738737331299713611e-17 -5.528134828843435084e-19 2.345509096501990243e+00 0.000000000000000000e+00 2.261681528783475947e+00
1.250864267406886832e+00 2.697296988956083830e+00 9.926159416376477298e-09 1.230030128779278975e+00 -6.048323708774847326e-09 3.450563048826261081e+00 6.524961254020857915e-01 2.715511749945920705e+00 -8.829862135670143876e-18 -2.807361876621798943e-19 6.289854113755837250e-01 0.000000000000000000e+00 1.834632961281759123e+00
7.061936661218422007e-01 1.699529997876538134e+00 8.623585885481542953e-09 8.104168518301747559e-01 -6.967175779860911797e-09 5.062391221121993468e+00 2.459354093017188880e+00 1.386879266475884442e+00 1.491496302640575288e-17 4.742057393058575329e-19 1.404872208276049195e+00 0.000000000000000000e+00 2.009382992981638250e+00
2.796212674698881351e+00 5.001610512219094584e-01 -8.059169012848270636e-10 1.448677097308117556e-01 8.715184727101859468e-10 5.240728611938982873e+00 2.667708424692689206e+00 1.998349247941357820e+00 5.339676002842278196e-17 1.697694595987879672e-18 1.293588847317737933e+00 0.000000000000000000e+00 1.426081917866399706e+00
1.703890753035893102e+00 1.436141817212169380e+00 7.471924859269833322e-09 1.250039802654986154e+00 -4.346954884883306233e-09 2.843236771948847164e+00 5.079464168800216228e-01 4.183205454014854219e+00 1.511640864814403549e-17 4.806108405717499221e-19 1.744276873623826107e+00 0.000000000000000000e+00 1.227730142042757322e+00
2.177851768620139961e+00 1.964696930841707267e+00 -3.562117597099849826e-10 7.974069376086063698e-01 1.709132121320191119e-10 1.168010061802171373e+00 1.732483358307499000e+00 2.654936224578402726e+00 3.664268863025872812e-18 1.165014089625232629e-19 1.053428059595953314e+00 0.000000000000000000e+00 2.288471452751861257e+00
7.041203263786880440e-01 2.637886589909082424e+00 1.108890915790237657e-08 1.632494623765992081e+00 -4.073467689385603167e-09 1.997783687475511938e+00 3.456375942335307982e+00 1.030556422516984316e+00 -4.938771051195913420e-17 -1.570231091026787558e-18 2.696872008540760035e+00 0.000000000000000000e+00 1.541634790498249918e+00
9.649469989181421736e-01 2.184624104236799091e+00 9.536962021581612778e-09 3.594322151267601573e-01 -5.542047173035938047e-09 2.254734121609342612e+00 1.167770610054248426e+00 1.182641681108136389e+00 -4.026171093102854417e-18 -1.280080182160384868e-19 2.836756890440802703e+00 0.000000000000000000e+00 2.527098664746587620e+00
1.325989315747118980e+00 1.942364042439849614e+00 6.192913671792310013e-09 9.808152950255852875e-01 -4.294404105644596998e-09 2.937583319969598428e+00 3.630679586303369177e-01 3.282962956936323451e+00 -3.082664198619548578e-17 -9.801013164116349022e-19 1.452605158833014443e+00 0.000000000000000000e+00 2.030338243836376400e+00
1.577890853110636815e+00 2.221270410258040062e+00 -3.187531368468648551e-09 1.572330738206737077e+00 1.486623354567123704e-09 4.260731657470918421e+00 2.308614182747579679e+00 2.361127610599270010e+00 -4.103183789275193546e-17 -1.304564964310109870e-18 1.713231899859856799e+00 0.000000000000000000e+00 1.911800596688148168e+00
2.109627738510946315e+00 2.799998950726010349e+00 -3.296288147172560003e-09 1.554163652063496270e+00 2.195633374705747492e-09 1.972461016525595134e+00 1.815033909887054264e+00 2.467527301374212279e+00 2.150343820144928531e-17 6.836795169819567749e-19 2.685314706329605450e+00 0.000000000000000000e+00 2.688249876320691456e+00
1.836111687603373399e+00 2.895879579860527020e+00 -6.101921983525620051e-09 8.456373031825658027e-01 3.490317936494357614e-09 3.986885118267111672e+00 2.135933911789358319e+00 2.697349229188926056e+00 7.308212987072890234e-17 2.323570809684522883e-18 1.786343055748499165e+00 0.000000000000000000e+00 1.868960922352740806e+00
2.132252894368871221e+00 8.722384756381935667e-01 -6.046760842962981977e-09 7.397819517102970366e-01 3.474547075957431014e-09 3.727235963269266428e+00 5.157094483657970407e+00 1.218616655852467368e+00 -9.704430063962254810e-18 -3.085421984057517860e-19 1.358791180329966153e+00 0.000000000000000000e+00 1.536083153873287754e+00
7.122643826534407197e-01 2.185489222719404712e+00 2.034639076962804914e-09 1.823474246383904873e-02 -2.444172684931061233e-09 3.319179470251302000e+00 3.740592774923038100e+00 4.342482213793632528e-01 1.625292544962523759e-17 5.167448134372089279e-19 2.499463152355061446e+00 0.000000000000000000e+00 2.570642177353889224e+00
1.819078803327609517e+00 7.676631865492624662e-01 4.019050046998844506e-09 6.498807949398504036e-01 -6.602071473961352718e-10 2.898289846826172411e+00 1.205559484770271972e+00 2.892715574840460491e+00 -3.729072492115395341e-18 -1.185618771912145807e-19 6.166866674799560410e-01 0.000000000000000000e+00 8.122923690402942265e-01
7.098538219801805438e-01 1.184952313260344114e+00 -1.029706590124479497e-08 9.800584134903426170e-01 5.171999649350490978e-09 4.218307942496386964e+00 2.477848679422603340e+00 2.084458036512602863e+00 2.357719208113811783e-17 7.496121273460795495e-19 2.113788388505920768e+00 0.000000000000000000e+00 1.908277410429756404e+00
2.345012157110977213e+00 1.658842682176656647e+00 -4.184961750877532886e-09 1.179182258204008127e+00 -7.125476788978042607e-10 1.642610143120035282e+00 3.595968009685940103e+00 2.287087705228625811e+00 2.187666735479175984e-17 6.955458012807339739e-19 1.664143358319731369e+00 0.000000000000000000e+00 2.506246797733219456e+00
1.480036823783770217e+00 2.024652032927483081e+00 1.237130417357003071e-08 2.977088644603514966e-01 -7.696355972642148592e-09 1.667195751064626918e+00 4.697401587950722046e+00 2.316527025646769378e+00 3.697465416011459131e-17 1.175571016168596372e-18 3.057228801780492500e+00 0.000000000000000000e+00 3.268373322344341858e+00
2.503520206548272675e+00 2.978104447825222767e-01 5.368760980616325863e-09 2.930847282782245156e-01 -1.984020366797225049e-09 2.203338547102864808e+00 4.419775749114223551e+00 1.146526042833124315e+00 -3.705540349425941132e-17 -1.178138201818185824e-18 4.351692050155375746e-01 0.000000000000000000e+00 1.582396345492883771e+00
2.445633963814148437e+00 1.622816006129720545e+00 -4.635537637192698858e-09 6.359096451869490352e-01 2.420388130971518560e-09 3.391191914653167938e+00 2.305882690930798340e+00 2.008157660949872803e+00 2.751516714423221763e-17 8.748160732731277889e-19 1.825536721592125877e+00 0.000000000000000000e+00 8.789023545990372055e-01
2.425575626759396641e+00 4.924194318156203121e-01 -4.100269676461738826e-09 5.677652996554225506e-01 1.038223576437637693e-09 3.295884883289823541e+00 5.709928055696607885e+00 6.516367001161709194e-01 -1.265838416103515983e-17 -4.024602226816953122e-19 1.773800395713175382e+00 0.000000000000000000e+00 1.312790035438704761e+00
1.718583554661845314e+00 1.073775069511253566e+00 -2.923564698802051428e-09 1.069226836164300476e+00 4.383476099711456078e-09 2.174702671368503815e+00 1.209997468483363869e+00 2.970227585192689368e+00 3.375936218776554096e-17 1.073344384615703105e-18 2.468324519316297039e+00 0.000000000000000000e+00 1.292656774194220315e+00
2.224131955184871057e+00 1.559364207440341765e+00 1.554947983661827644e-08 7.999026155691331130e-01 -9.197496105524311380e-09 5.342244436559688836e+00 1.592162307748668404e+00 2.840291968186928973e+00 2.120397841743305165e-17 6.741586931701517142e-19 1.279459154241106678e+00 0.000000000000000000e+00 1.768223170345408768e+00
1.287594094466417038e+00 2.027906235737557683e+00 -1.287754853948778719e-08 1.370933580266412655e+00 8.146012611726528930e-09 1.717275174713428942e+00 2.878317537886608157e+00 1.699672353300755168e+00 -5.291150361422345818e-18 -1.682265992661225586e-19 1.683871467720761350e+00 0.000000000000000000e+00 1.509644239311959568e+00
2.061685396062113096e+00 2.375179142148255540e+00 -8.565255991256929040e-09 4.239206206892885964e-01 4.403048773039937669e-09 2.462129129131739091e+00 1.594066858259334918e+00 2.709645439617251572e+00 8.853546083893342553e-18 2.814894411565532680e-19 2.546156701831664204e+00 0.000000000000000000e+00 2.260181817451732300e+00
2.483226071043102223e+00 2.435994411286753980e+00 8.097193662977056942e-09 1.050750781207842932e+00 -2.923525467655781330e-09 3.703196337270084459e+00 2.047051310323198425e+00 2.543296279127501336e+00 9.063444690996493747e-18 2.881628115225002158e-19 1.879602687156603391e+00 0.000000000000000000e+00 3.652812885244494101e-01
1.524535681798848019e+00 5.505461931397075404e-01 -7.120738507159469781e-09 1.267978873815197360e+00 2.040125241437514543e-09 4.904381823150723463e+00 1.475562565340901022e+00 3.175783228938346525e+00 -2.149114666734568068e-17 -6.832886855342427790e-19 3.091491205115388219e+00 0.000000000000000000e+00 4.208418326173468671e-01
2.061383900976434980e+00 1.757062980677695618e+00 6.518945430424866251e-09 -2.262945223617629509e-02 -3.595136744673958419e-09 4.047950846914074141e+00 1.960767353385097556e+00 3.075142452268813553e+00 -5.549466854697322971e-17 -1.764395338676400198e-18 1.852884648200310513e+00 0.000000000000000000e+00 1.493587309592232737e+00
1.677548737335902374e+00 2.208504597874031639e+00 -9.550493643124174167e-09 1.136402063582306221e+00 2.953675064811511096e-09 3.735661168597541604e+00 3.433528926076821808e+00 1.194249342395147462e+00 1.303384183428043846e-17 4.143976731905368700e-19 1.165923177579275105e+00 0.000000000000000000e+00 1.937124617155064232e+00
1.936846479997429649e+00 5.882607230865999348e-02 1.465112913987473419e-09 7.622671634259887696e-01 -3.192716780877394033e-09 4.769158626930972922e+00 1.380251182419303113e+00 3.056320678947201941e+00 2.533111881553173126e-17 8.053766971870822858e-19 2.174972681921339746e+00 0.000000000000000000e+00 1.954584314057260963e+00
1.987835379399353508e+00 2.497371344292385054e+00 7.782444218616171959e-09 9.881601635825816299e-01 -2.574855111709919918e-09 4.222227080393476939e+00 2.232242753746853658e+00 1.156978299146908862e+00 1.397518750270135915e-19 4.443448008848552071e-21 1.695528893195688003e+00 0.000000000000000000e+00 3.571673801581460417e+00
2.229421471510630859e-01 2.865010535756292054e+00 8.070991601666307941e-09 1.150164185756793689e+00 -3.897300193818017546e-09 1.495989544339985322e+00 -1.653603332052000496e-02 2.496501884400457172e-01 -6.020627308418972946e-18 -1.914195297501481081e-19 6.998371907811080650e-01 0.000000000000000000e+00 2.399897895130415293e+00
1.382887991793414706e+00 2.771500292033272750e+00 -2.534095807089771308e-09 1.228743441485950827e+00 -2.009944000307480634e-09 2.174829131834931317e+00 3.359836206443492124e+00 9.425601675280987912e-01 -1.400237127647919259e-17 -4.451908118201527055e-19 2.077707962060427516e+00 0.000000000000000000e+00 9.387559291805656070e-01
1.166510549547546294e+00 8.792195493131333972e-01 -5.914961837258097213e-09 6.660547350109629061e-01 2.155788230825432192e-09 2.589735984645668232e+00 4.885041839579614908e+00 6.273109532842091607e-01 3.427297034471582991e-17 1.089673878126004733e-18 2.595935869508017024e-01 0.000000000000000000e+00 2.019110133897425996e+00
1.854395509519563445e+00 2.031200528178433995e+00 -3.869642822843441666e-09 1.179405635288107712e+00 8.694291646887390367e-10 2.321414191247169967e+00 9.685768956127585039e-01 1.493095404501178169e+00 8.738426012796702915e-19 2.778279918306224955e-20 6.832518845926340845e-01 0.000000000000000000e+00 2.214247737352781797e+00
4.472904573624203461e-01 2.189304301643750783e+00 -5.155698218524508541e-09 8.842009522517043640e-01 3.552086361904810216e-09 1.926539832775081118e+00 1.192435221713436411e+00 2.088864229113073456e+00 3.214255461597378756e-18 1.021938975846094993e-19 2.001090403860406930e+00 0.000000000000000000e+00 9.589893547545801367e-01
1.926169612885780591e+00 2.415530123822852371e+00 9.078098075406530442e-10 1.206292796791082589e+00 2.536498173303661340e-09 2.295156915793596486e+00 1.987652718229460991e+00 2.418105540078027360e+00 -3.414364172322918542e-17 -1.085561783395786452e-18 1.406941381474109631e+00 0.000000000000000000e+00 1.619498163789244938e+00
1.439331796762148397e+00 3.870249308393865828e+00 6.190623488584793964e-09 7.145679950685122073e-01 -3.965165404499379511e-09 5.285195295648549951e+00 2.123006233364575834e+00 2.275735919753268277e+00 1.742045598468138796e-17 5.538656193555445331e-19 1.985012840739523998e+00 0.000000000000000000e+00 2.129076304800031405e+00
1.085772078300676124e+00 3.052903930176615432e+00 -6.075525132208475897e-10 1.076260215431651845e+00 -9.419485921239714744e-10 4.858057003120864081e+00 9.941521803955202241e-01 2.839321218236226407e+00 -2.726576662424278876e-17 -8.668874153127731588e-19 1.437985323394212145e+00 0.000000000000000000e+00 3.550566157766553488e+00
6.403283913806584460e-01 3.710238607951287904e+00 -7.884813753150699671e-10 1.127931208864459522e+00 -4.531380673532966985e-10 3.757431013273290432e+00 8.714940834463180686e-01 2.332145437859442616e+00 -4.469003820872910900e-17 -1.420873492206488283e-18 1.172391429088641024e+00 0.000000000000000000e+00 2.757182156498645398e+00
1.798472668002168318e+00 1.238987411997420240e+00 1.140526441419394629e-09 3.228318240328140742e-01 1.937796989076310675e-09 9.165298044735907812e-01 1.847190138698438622e+00 2.163229860372951840e+00 3.312197509709869763e-18 1.053077599377021334e-19 1.355873822569943155e+00 0.000000000000000000e+00 2.252627014843684439e-01
1.898198174716109854e+00 2.345193969228351882e+00 -4.815187943507956883e-10 1.192058848109334157e+00 6.384804439127107572e-10 1.623724178482608416e+00 3.422302524469992502e+00 1.529143792859534390e+00 -4.924606437884284238e-17 -1.565727273591369609e-18 2.017798240962211054e+00 0.000000000000000000e+00 1.681922276701225849e+00
9.779047487260771332e-01 3.409614612494933361e+00 1.110250189831262957e-08 1.974042352611619977e+00 -5.611395924260970188e-09 1.314826869303119761e+00 3.371420778433173560e+00 1.338350985140340565e+00 5.001183730780851430e-18 1.590073967110906857e-19 2.430277089144030622e-01 0.000000000000000000e+00 1.561599885117781472e+00
1.429520157212192499e+00 2.647393479759966084e+00 6.298182356943955199e-09 1.063548866803826209e+00 -8.618534590369470137e-09 2.219500909666243249e+00 2.495888230522297135e+00 1.010147234724084075e+00 6.554651043979335653e-17 2.083983421308797997e-18 1.135730965153433747e+00 0.000000000000000000e+00 1.732684908589030126e+00
2.345002792774526945e+00 1.016719057153639305e+00 -7.271793506481358025e-09 9.972477239913203340e-01 4.382869331879414215e-09 1.979093765803284999e+00 3.625336026606944984e+00 2.561858026962045010e+00 -6.397084203444034021e-18 -2.033886177042947441e-19 1.920636074205123611e+00 0.000000000000000000e+00 1.941385041658149957e+00
-9.761106335273193046e-01 3.570948203443400359e+00 -6.980403330883289260e-09 1.379559854689239806e+00 4.226117690229926049e-10 3.522287337548957176e+00 -7.586644036497109944e-01 1.350535978235403167e+00 -1.594974154962628863e-17 -5.071059413470771035e-19 3.277605678994051086e+00 0.000000000000000000e+00 2.013832351096273676e+00
1.584168916175043407e+00 1.311684764563085359e+00 -6.353553802997677122e-09 3.447441375850084366e-01 1.051470850034736366e-09 2.417739823805219235e+00 1.720476151761551442e+00 9.373500804309724543e-01 -3.273961472351658317e-17 -1.040922188909402694e-18 1.028177392823938163e+00 0.000000000000000000e+00 2.165183362966069502e+00
1.439412589160286249e+00 2.582162218188735814e+00 9.138029755285064611e-09 3.896852126307401853e-01 -5.490317319579998810e-09 3.138201301560823886e+00 1.279780108132112737e+00 2.486997404387819355e+00 -3.791821582286661210e-17 -1.205570686999993460e-18 2.621010190043544075e+00 0.000000000000000000e+00 3.671626792404909523e+00
2.169452660525966525e+00 2.675086958411498461e+00 -3.823522781489545926e-09 1.398963359277519469e+00 1.199449289453292728e-09 1.915845984947394554e+00 2.005837009537026372e+00 2.853461397369117858e+00 -6.459490011847519654e-17 -2.053728151226133428e-18 1.899716557582205478e+00 0.000000000000000000e+00 1.015588813759711773e+00
7.433754693010862225e-01 1.739006310430932345e+00 1.181957472298983718e-09 1.735998910120757799e+00 3.351756509846427693e-09 4.887221914676974421e+00 1.613296069430752322e+00 1.122124181179985136e+00 -1.240481809340632745e-17 -3.943981180422150354e-19 7.777788618511967123e-01 0.000000000000000000e+00 2.572157766711101523e+00
9.008981095782560011e-01 1.515863974475072151e+00 -6.328165468439002609e-09 8.995531182764682221e-01 3.052086908495093397e-09 3.029334283636480940e+00 3.510393109268748368e+00 3.378808129193660470e+00 -5.237760833661182166e-18 -1.665293398762655566e-19 2.277115406094162964e+00 0.000000000000000000e+00 2.111492508458113093e+00
1.262146654275793756e+00 2.791402716756116398e+00 1.857467581405866007e-09 1.735149667411872931e+00 -1.353632558063906784e-10 2.666647266782756986e+00 2.747463921177450974e+00 7.528665247698647089e-01 -2.648446542511224349e-17 -8.420465727108950149e-19 1.836570227886386464e+00 0.000000000000000000e+00 1.652242558054384025e+00
