1.969914078712463379e+00 1.757973670959472656e+00 0.000000000000000000e+00 1.424618363380432129e+00 0.000000000000000000e+00 1.181940436363220215e+00 7.875270843505859375e-01 2.951485395431518555e+00 0.000000000000000000e+00 0.000000000000000000e+00 1.425272226333618164e+00 0.000000000000000000e+00 1.917178630828857422e+00
2.483220100402832031e+00 1.678629517555236816e+00 0.000000000000000000e+00 1.148508429527282715e+00 0.000000000000000000e+00 1.264523506164550781e+00 2.624278306961059570e+00 3.548449754714965820e+00 0.000000000000000000e+00 0.000000000000000000e+00 3.435370445251464844e+00 0.000000000000000000e+00 2.042089462280273438e+00
1.335542082786560059e+00 1.152157664299011230e+00 0.000000000000000000e+00 1.665146708488464355e+00 0.000000000000000000e+00 1.378154873847961426e+00 2.424843758344650269e-01 2.744801759719848633e+00 0.000000000000000000e+00 0.000000000000000000e+00 1.179646730422973633e+00 0.000000000000000000e+00 9.419633746147155762e-01
1.359570741653442383e+00 1.694249272346496582e+00 0.000000000000000000e+00 1.005149245262145996e+00 0.000000000000000000e+00 3.573560476303100586e+00 1.138605117797851562e+00 3.720591068267822266e+00 0.000000000000000000e+00 0.000000000000000000e+00 2.605344772338867188e+00 0.000000000000000000e+00 1.249636173248291016e+00
1.403662204742431641e+00 1.343947529792785645e+00 0.000000000000000000e+00 6.207071542739868164e-01 0.000000000000000000e+00 4.741804897785186768e-01 4.263152182102203369e-01 2.686881065368652344e+00 0.000000000000000000e+00 0.000000000000000000e+00 2.088205337524414062e+00 0.000000000000000000e+00 1.340077757835388184e+00
2.951632976531982422e+00 7.951287031173706055e-01 0.000000000000000000e+00 6.935284137725830078e-01 0.000000000000000000e+00 2.249995708465576172e+00 2.952103376388549805e+00 4.157696247100830078e+00 0.000000000000000000e+00 0.000000000000000000e+00 2.947618007659912109e+00 0.000000000000000000e+00 2.833399772644042969e+00
1.752084940671920776e-01 1.642251849174499512e+00 0.000000000000000000e+00 1.029649138450622559e+00 0.000000000000000000e+00 3.699503660202026367e+00 6.663884520530700684e-01 2.816219091415405273e+00 0.000000000000000000e+00 0.000000000000000000e+00 1.756180524826049805e+00 0.000000000000000000e+00 1.669739484786987305e+00
2.012730598449707031e+00 5.735966563224792480e-01 0.000000000000000000e+00 1.112731575965881348e+00 0.000000000000000000e+00 1.803601026535034180e+00 6.230067610740661621e-01 3.098815679550170898e+00 0.000000000000000000e+00 0.000000000000000000e+00 2.272700071334838867e+00 0.000000000000000000e+00 1.638682126998901367e+00
1.748952031135559082e+00 1.817038416862487793e+00 0.000000000000000000e+00 1.513794064521789551e+00 0.000000000000000000e+00 8.204745650291442871e-01 2.831464529037475586e+00 3.579079151153564453e+00 0.000000000000000000e+00 0.000000000000000000e+00 1.648145437240600586e+00 0.000000000000000000e+00 2.241559505462646484e+00
1.384230852127075195e+00 7.802518606185913086e-01 0.000000000000000000e+00 1.201712489128112793e+00 0.000000000000000000e+00 1.805440187454223633e+00 1.364234536886215210e-01 2.702782392501831055e+00 0.000000000000000000e+00 0.000000000000000000e+00 1.780944943428039551e+00 0.000000000000000000e+00 1.354557633399963379e+00
1.264485001564025879e+00 2.361701250076293945e+00 0.000000000000000000e+00 1.011438012123107910e+00 0.000000000000000000e+00 4.402788639068603516e+00 6.646595597267150879e-01 3.267470598220825195e+00 0.000000000000000000e+00 0.000000000000000000e+00 2.108039140701293945e+00 0.000000000000000000e+00 2.370873451232910156e+00
1.268554806709289551e+00 2.027524709701538086e+00 0.000000000000000000e+00 1.259282946586608887e+00 0.000000000000000000e+00 4.475674152374267578e+00 1.737813711166381836e+00 1.762019991874694824e+00 0.000000000000000000e+00 0.000000000000000000e+00 6.860684156417846680e-01 0.000000000000000000e+00 1.049187421798706055e+00
1.500674724578857422e+00 2.485424280166625977e+00 0.000000000000000000e+00 1.744463682174682617e+00 0.000000000000000000e+00 4.661272764205932617e-01 2.991419553756713867e+00 1.556212544441223145e+00 0.000000000000000000e+00 0.000000000000000000e+00 2.095778703689575195e+00 0.000000000000000000e+00 8.319661617279052734e-01
1.428764581680297852e+00 1.829277157783508301e+00 0.000000000000000000e+00 1.771520972251892090e+00 0.000000000000000000e+00 3.912286758422851562e+00 2.758355855941772461e+00 1.648192167282104492e+00 0.000000000000000000e+00 0.000000000000000000e+00 1.055445969104766846e-01 0.000000000000000000e+00 1.717857599258422852e+00
1.497622728347778320e+00 1.689600586891174316e+00 0.000000000000000000e+00 1.619908452033996582e+00 0.000000000000000000e+00 9.562984108924865723e-01 3.790340900421142578e+00 1.817873239517211914e+00 0.000000000000000000e+00 0.000000000000000000e+00 1.950539112091064453e+00 0.000000000000000000e+00 2.871365070343017578e+00
5.391755104064941406e-01 2.691586256027221680e+00 0.000000000000000000e+00 1.009155750274658203e+00 0.000000000000000000e+00 5.460706233978271484e+00 3.247139215469360352e+00 3.036980390548706055e+00 0.000000000000000000e+00 0.000000000000000000e+00 2.177618026733398438e+00 0.000000000000000000e+00 2.518510341644287109e+00
2.031747341156005859e+00 2.575765371322631836e+00 0.000000000000000000e+00 1.440896391868591309e+00 0.000000000000000000e+00 5.889437794685363770e-01 1.460424661636352539e+00 1.951597690582275391e+00 0.000000000000000000e+00 0.000000000000000000e+00 1.699454784393310547e+00 0.000000000000000000e+00 1.020420074462890625e+00
2.055716514587402344e+00 1.626663506031036377e-01 0.000000000000000000e+00 6.971425414085388184e-01 0.000000000000000000e+00 1.615594983100891113e+00 1.608152151107788086e+00 2.216905832290649414e+00 0.000000000000000000e+00 0.000000000000000000e+00 7.444705963134765625e-01 0.000000000000000000e+00 1.409564375877380371e+00
1.013288617134094238e+00 7.878404855728149414e-02 0.000000000000000000e+00 1.841588914394378662e-01 0.000000000000000000e+00 1.716470718383789062e+00 3.559330224990844727e+00 1.726621627807617188e+00 0.000000000000000000e+00 0.000000000000000000e+00 1.917792439460754395e+00 0.000000000000000000e+00 7.286482453346252441e-01
1.788901448249816895e+00 1.628913402557373047e+00 0.000000000000000000e+00 2.956221997737884521e-01 0.000000000000000000e+00 1.535791993141174316e+00 1.984384536743164062e+00 1.003282427787780762e+00 0.000000000000000000e+00 0.000000000000000000e+00 2.396313905715942383e+00 0.000000000000000000e+00 8.594480752944946289e-01
9.387810826301574707e-01 2.817363262176513672e+00 0.000000000000000000e+00 1.690133571624755859e+00 0.000000000000000000e+00 3.721517086029052734e+00 2.201228380203247070e+00 8.230169415473937988e-01 0.000000000000000000e+00 0.000000000000000000e+00 1.367349147796630859e+00 0.000000000000000000e+00 1.694572567939758301e+00
1.352475523948669434e+00 2.478718280792236328e+00 0.000000000000000000e+00 1.448216915130615234e+00 0.000000000000000000e+00 4.506020545959472656e+00 2.434086084365844727e+00 1.469000697135925293e+00 0.000000000000000000e+00 0.000000000000000000e+00 1.911256551742553711e+00 0.000000000000000000e+00 2.191035747528076172e+00
1.954612731933593750e+00 3.964979648590087891e-01 0.000000000000000000e+00 7.082015872001647949e-01 0.000000000000000000e+00 4.092047214508056641e+00 3.662899017333984375e+00 1.535884857177734375e+00 0.000000000000000000e+00 0.000000000000000000e+00 8.243306875228881836e-01 0.000000000000000000e+00 1.614446997642517090e+00
1.864582180976867676e+00 1.882218122482299805e+00 0.000000000000000000e+00 5.244765877723693848e-01 0.000000000000000000e+00 3.605495691299438477e+00 1.729556918144226074e+00 3.689263463020324707e-01 0.000000000000000000e+00 0.000000000000000000e+00 8.181495666503906250e-01 0.000000000000000000e+00 1.458202362060546875e+00
1.536311626434326172e+00 2.043588638305664062e+00 0.000000000000000000e+00 1.234001398086547852e+00 0.000000000000000000e+00 5.085985183715820312e+00 3.154829978942871094e+00 2.654989719390869141e+00 0.000000000000000000e+00 0.000000000000000000e+00 2.497175455093383789e+00 0.000000000000000000e+00 1.542273044586181641e+00
1.557714939117431641e+00 1.085461497306823730e+00 0.000000000000000000e+00 8.489938825368881226e-02 0.000000000000000000e+00 3.442779779434204102e+00 2.320924043655395508e+00 5.830882191658020020e-01 0.000000000000000000e+00 0.000000000000000000e+00 4.207837283611297607e-01 0.000000000000000000e+00 1.276037454605102539e+00
1.893734574317932129e+00 2.923248052597045898e+00 0.000000000000000000e+00 7.894772887229919434e-01 0.000000000000000000e+00 2.434403181076049805e+00 2.391440153121948242e+00 7.530785202980041504e-01 0.000000000000000000e+00 0.000000000000000000e+00 1.730638980865478516e+00 0.000000000000000000e+00 2.536640167236328125e+00
2.064228534698486328e+00 2.883826732635498047e+00 0.000000000000000000e+00 1.255349993705749512e+00 0.000000000000000000e+00 1.832685232162475586e+00 2.414134740829467773e+00 7.684966921806335449e-01 0.000000000000000000e+00 0.000000000000000000e+00 1.803455591201782227e+00 0.000000000000000000e+00 2.459357261657714844e+00
1.931167244911193848e+00 2.886715650558471680e+00 0.000000000000000000e+00 1.399013280868530273e+00 0.000000000000000000e+00 2.176842689514160156e+00 2.242556333541870117e+00 9.157329201698303223e-01 0.000000000000000000e+00 0.000000000000000000e+00 1.735155224800109863e+00 0.000000000000000000e+00 2.751144170761108398e+00
1.709688067436218262e+00 3.098319292068481445e+00 0.000000000000000000e+00 1.673172354698181152e+00 0.000000000000000000e+00 1.703648209571838379e+00 1.992138504981994629e+00 1.196691274642944336e+00 0.000000000000000000e+00 0.000000000000000000e+00 1.443115472793579102e+00 0.000000000000000000e+00 2.532486915588378906e+00
1.278377413749694824e+00 1.693450093269348145e+00 0.000000000000000000e+00 4.870600402355194092e-01 0.000000000000000000e+00 3.294926643371582031e+00 3.049590587615966797e+00 1.156316876411437988e+00 0.000000000000000000e+00 0.000000000000000000e+00 2.303737640380859375e+00 0.000000000000000000e+00 6.145038008689880371e-01
1.678020715713500977e+00 2.780348539352416992e+00 0.000000000000000000e+00 1.680785775184631348e+00 0.000000000000000000e+00 1.346598505973815918e+00 2.035166263580322266e+00 1.201701283454895020e+00 0.000000000000000000e+00 0.000000000000000000e+00 1.234413146972656250e+00 0.000000000000000000e+00 2.328072309494018555e+00
1.690082430839538574e+00 2.769044637680053711e+00 0.000000000000000000e+00 8.476529717445373535e-01 0.000000000000000000e+00 2.798137187957763672e+00 5.098305702209472656e+00 2.148687362670898438e+00 0.000000000000000000e+00 0.000000000000000000e+00 1.624708890914916992e+00 0.000000000000000000e+00 3.462233543395996094e+00
1.486161231994628906e+00 3.028279304504394531e+00 0.000000000000000000e+00 4.486538469791412354e-01 0.000000000000000000e+00 2.890320301055908203e+00 7.399443984031677246e-01 1.761827468872070312e+00 0.000000000000000000e+00 0.000000000000000000e+00 7.959406375885009766e-01 0.000000000000000000e+00 2.283979415893554688e+00
1.809617042541503906e+00 2.625800132751464844e+00 0.000000000000000000e+00 1.414548873901367188e+00 0.000000000000000000e+00 8.059696555137634277e-01 2.349366664886474609e+00 1.003849267959594727e+00 0.000000000000000000e+00 0.000000000000000000e+00 1.275790214538574219e+00 0.000000000000000000e+00 1.755527973175048828e+00
9.206078052520751953e-01 2.001853227615356445e+00 0.000000000000000000e+00 1.005711197853088379e+00 0.000000000000000000e+00 2.713297367095947266e+00 5.078130245208740234e+00 1.865698337554931641e+00 0.000000000000000000e+00 0.000000000000000000e+00 2.294501066207885742e+00 0.000000000000000000e+00 3.778006315231323242e+00
1.773136973381042480e+00 2.683048725128173828e+00 0.000000000000000000e+00 1.436489939689636230e+00 0.000000000000000000e+00 3.421684503555297852e-01 2.360006332397460938e+00 1.174627184867858887e+00 0.000000000000000000e+00 0.000000000000000000e+00 1.933733940124511719e+00 0.000000000000000000e+00 2.085570573806762695e+00
9.941306710243225098e-01 1.856750249862670898e+00 0.000000000000000000e+00 2.289424240589141846e-01 0.000000000000000000e+00 4.118821620941162109e+00 1.376924633979797363e+00 1.913968563079833984e+00 0.000000000000000000e+00 0.000000000000000000e+00 3.014499247074127197e-01 0.000000000000000000e+00 2.760171413421630859e+00
1.222170829772949219e+00 3.072252035140991211e+00 0.000000000000000000e+00 1.075332283973693848e+00 0.000000000000000000e+00 8.194354176521301270e-01 1.682257801294326782e-01 1.829733014106750488e+00 0.000000000000000000e+00 0.000000000000000000e+00 9.377125501632690430e-01 0.000000000000000000e+00 6.832441687583923340e-01
1.285085320472717285e+00 2.939516782760620117e+00 0.000000000000000000e+00 1.411006331443786621e+00 0.000000000000000000e+00 8.579089045524597168e-01 2.769209444522857666e-02 2.371257543563842773e+00 0.000000000000000000e+00 0.000000000000000000e+00 1.224555850028991699e+00 0.000000000000000000e+00 1.006964683532714844e+00
1.218496799468994141e+00 1.364328384399414062e+00 0.000000000000000000e+00 4.293015897274017334e-01 0.000000000000000000e+00 3.164834022521972656e+00 4.416377544403076172e+00 1.476629495620727539e+00 0.000000000000000000e+00 0.000000000000000000e+00 2.124863862991333008e+00 0.000000000000000000e+00 3.263662099838256836e+00
1.913605332374572754e+00 1.210019588470458984e+00 0.000000000000000000e+00 4.585965573787689209e-01 0.000000000000000000e+00 3.506995439529418945e+00 4.647937297821044922e+00 1.422708511352539062e+00 0.000000000000000000e+00 0.000000000000000000e+00 1.534280061721801758e+00 0.000000000000000000e+00 2.619898080825805664e+00
3.604279160499572754e-01 2.149529218673706055e+00 0.000000000000000000e+00 1.128772020339965820e+00 0.000000000000000000e+00 4.160312175750732422e+00 9.784919619560241699e-01 1.863623499870300293e+00 0.000000000000000000e+00 0.000000000000000000e+00 1.828252434730529785e+00 0.000000000000000000e+00 1.631001114845275879e+00
1.024409294128417969e+00 3.117864608764648438e+00 0.000000000000000000e+00 1.585182785987854004e+00 0.000000000000000000e+00 1.482887625694274902e+00 3.207932233810424805e+00 1.567924767732620239e-01 0.000000000000000000e+00 0.000000000000000000e+00 7.531828880310058594e-01 0.000000000000000000e+00 2.206131696701049805e+00
1.465858221054077148e+00 2.858510017395019531e+00 0.000000000000000000e+00 8.656060099601745605e-01 0.000000000000000000e+00 4.174200534820556641e+00 4.771978378295898438e+00 1.297500848770141602e+00 0.000000000000000000e+00 0.000000000000000000e+00 1.431079268455505371e+00 0.000000000000000000e+00 3.503721237182617188e+00
1.883284687995910645e+00 1.267291188240051270e+00 0.000000000000000000e+00 8.242262005805969238e-01 0.000000000000000000e+00 4.241531372070312500e+00 4.286079406738281250e+00 1.651301145553588867e+00 0.000000000000000000e+00 0.000000000000000000e+00 2.241342306137084961e+00 0.000000000000000000e+00 3.601432085037231445e+00
1.911851525306701660e+00 3.043513298034667969e+00 0.000000000000000000e+00 1.008663892745971680e+00 0.000000000000000000e+00 4.007148265838623047e+00 4.203184127807617188e+00 5.903020501136779785e-01 0.000000000000000000e+00 0.000000000000000000e+00 8.950968980789184570e-01 0.000000000000000000e+00 1.996139526367187500e+00
5.735077857971191406e-01 3.305267333984375000e+00 0.000000000000000000e+00 2.419225215911865234e+00 0.000000000000000000e+00 7.403139472007751465e-01 2.729932308197021484e+00 1.701491117477416992e+00 0.000000000000000000e+00 0.000000000000000000e+00 1.477972269058227539e+00 0.000000000000000000e+00 1.396550416946411133e+00
2.672870635986328125e+00 7.315098047256469727e-01 0.000000000000000000e+00 9.140863418579101562e-01 0.000000000000000000e+00 2.981687545776367188e+00 1.429698944091796875e+00 2.296811580657958984e+00 0.000000000000000000e+00 0.000000000000000000e+00 4.215401411056518555e-01 0.000000000000000000e+00 2.158745765686035156e+00
1.753054380416870117e+00 3.094086170196533203e+00 0.000000000000000000e+00 2.457573890686035156e+00 0.000000000000000000e+00 9.551997184753417969e-01 2.349822282791137695e+00 1.554620027542114258e+00 0.000000000000000000e+00 0.000000000000000000e+00 1.655840158462524414e+00 0.000000000000000000e+00 1.587777853012084961e+00
1.926815748214721680e+00 6.537929773330688477e-01 0.000000000000000000e+00 9.629879593849182129e-01 0.000000000000000000e+00 2.311696529388427734e+00 4.277390480041503906e+00 1.700475335121154785e+00 0.000000000000000000e+00 0.000000000000000000e+00 1.379229545593261719e+00 0.000000000000000000e+00 3.319407463073730469e+00
1.641056180000305176e+00 4.779228866100311279e-01 0.000000000000000000e+00 2.861081063747406006e-01 0.000000000000000000e+00 2.955857276916503906e+00 4.384760379791259766e+00 2.347845315933227539e+00 0.000000000000000000e+00 0.000000000000000000e+00 2.495822906494140625e+00 0.000000000000000000e+00 2.206169366836547852e+00
2.727104663848876953e+00 4.730809628963470459e-01 0.000000000000000000e+00 8.808738589286804199e-01 0.000000000000000000e+00 1.990725398063659668e+00 4.400539875030517578e+00 2.990304708480834961e+00 0.000000000000000000e+00 0.000000000000000000e+00 1.947604417800903320e+00 0.000000000000000000e+00 2.090489625930786133e+00
1.702637076377868652e+00 1.507961153984069824e+00 0.000000000000000000e+00 9.988961219787597656e-01 0.000000000000000000e+00 1.323962330818176270e+00 1.078702211380004883e+00 2.536181926727294922e+00 0.000000000000000000e+00 0.000000000000000000e+00 2.019180536270141602e+00 0.000000000000000000e+00 1.996341049671173096e-01
1.690838098526000977e+00 7.966365814208984375e-01 0.000000000000000000e+00 5.928171277046203613e-01 0.000000000000000000e+00 1.239538192749023438e+00 1.177397131919860840e+00 2.329451084136962891e+00 0.000000000000000000e+00 0.000000000000000000e+00 2.340361595153808594e+00 0.000000000000000000e+00 5.287704467773437500e-01
1.552995800971984863e+00 1.466040730476379395e+00 0.000000000000000000e+00 8.562794923782348633e-01 0.000000000000000000e+00 1.587727785110473633e+00 1.185690402984619141e+00 2.867374658584594727e+00 0.000000000000000000e+00 0.000000000000000000e+00 2.355220556259155273e+00 0.000000000000000000e+00 2.485596239566802979e-01
1.000125169754028320e+00 3.084400415420532227e+00 0.000000000000000000e+00 1.877503275871276855e+00 0.000000000000000000e+00 2.226046800613403320e+00 1.741347074508666992e+00 2.113544702529907227e+00 0.000000000000000000e+00 0.000000000000000000e+00 5.560219287872314453e-01 0.000000000000000000e+00 1.613534212112426758e+00
1.365504741668701172e+00 1.628444433212280273e+00 0.000000000000000000e+00 8.487670421600341797e-01 0.000000000000000000e+00 1.741980671882629395e+00 6.475482583045959473e-01 2.825253009796142578e+00 0.000000000000000000e+00 0.000000000000000000e+00 2.206148624420166016e+00 0.000000000000000000e+00 1.429453790187835693e-01
2.149786949157714844e+00 8.231230974197387695e-01 0.000000000000000000e+00 8.455323576927185059e-01 0.000000000000000000e+00 3.097689151763916016e+00 3.095855474472045898e+00 3.889357328414916992e+00 0.000000000000000000e+00 0.000000000000000000e+00 1.362095355987548828e+00 0.000000000000000000e+00 1.509429693222045898e+00
1.722538471221923828e+00 1.411267876625061035e+00 0.000000000000000000e+00 6.236914396286010742e-01 0.000000000000000000e+00 1.262959957122802734e+00 1.139766097068786621e+00 1.550235390663146973e+00 0.000000000000000000e+00 0.000000000000000000e+00 2.305604219436645508e+00 0.000000000000000000e+00 4.718643724918365479e-01
1.759758114814758301e+00 2.013554573059082031e+00 0.000000000000000000e+00 1.261262655258178711e+00 0.000000000000000000e+00 1.870735287666320801e+00 1.287463665008544922e+00 2.442743301391601562e+00 0.000000000000000000e+00 0.000000000000000000e+00 1.767059564590454102e+00 0.000000000000000000e+00 2.156839668750762939e-01
1.085293292999267578e+00 2.061660766601562500e+00 0.000000000000000000e+00 1.327241063117980957e+00 0.000000000000000000e+00 3.555349826812744141e+00 2.299436569213867188e+00 3.026190280914306641e+00 0.000000000000000000e+00 0.000000000000000000e+00 6.437687873840332031e-01 0.000000000000000000e+00 1.938445568084716797e+00
2.357500076293945312e+00 1.776288747787475586e+00 0.000000000000000000e+00 8.877323269844055176e-01 0.000000000000000000e+00 2.307724475860595703e+00 5.398266792297363281e+00 1.506220340728759766e+00 0.000000000000000000e+00 0.000000000000000000e+00 2.230429172515869141e+00 0.000000000000000000e+00 3.244074821472167969e+00
1.469451904296875000e+00 2.048204183578491211e+00 0.000000000000000000e+00 1.706444144248962402e+00 0.000000000000000000e+00 2.033386945724487305e+00 5.237822532653808594e+00 1.655495762825012207e+00 0.000000000000000000e+00 0.000000000000000000e+00 2.379936456680297852e+00 0.000000000000000000e+00 2.690134048461914062e+00
1.819494605064392090e+00 9.497604370117187500e-01 0.000000000000000000e+00 1.484394907951354980e+00 0.000000000000000000e+00 2.419663429260253906e+00 4.885720729827880859e+00 1.878893852233886719e+00 0.000000000000000000e+00 0.000000000000000000e+00 1.907557964324951172e+00 0.000000000000000000e+00 1.655226707458496094e+00
1.804666280746459961e+00 1.831609010696411133e+00 0.000000000000000000e+00 7.164749503135681152e-01 0.000000000000000000e+00 2.922622203826904297e+00 2.209551095962524414e+00 3.076524257659912109e+00 0.000000000000000000e+00 0.000000000000000000e+00 1.516266107559204102e+00 0.000000000000000000e+00 5.749441981315612793e-01
1.152615070343017578e+00 2.301445007324218750e+00 0.000000000000000000e+00 1.496327280998229980e+00 0.000000000000000000e+00 1.478599429130554199e+00 6.264615654945373535e-01 2.021585226058959961e+00 0.000000000000000000e+00 0.000000000000000000e+00 2.456512153148651123e-01 0.000000000000000000e+00 5.510041862726211548e-02
1.737802028656005859e+00 2.600640296936035156e+00 0.000000000000000000e+00 9.496584534645080566e-01 0.000000000000000000e+00 2.086861848831176758e+00 1.655732393264770508e+00 2.086741685867309570e+00 0.000000000000000000e+00 0.000000000000000000e+00 1.326630830764770508e+00 0.000000000000000000e+00 1.471422016620635986e-01
2.618101119995117188e+00 1.612540125846862793e+00 0.000000000000000000e+00 1.023847579956054688e+00 0.000000000000000000e+00 2.227178812026977539e+00 4.589583396911621094e+00 1.672806501388549805e+00 0.000000000000000000e+00 0.000000000000000000e+00 1.623063921928405762e+00 0.000000000000000000e+00 3.285112857818603516e+00
1.882209181785583496e+00 2.734598398208618164e+00 0.000000000000000000e+00 1.067882776260375977e+00 0.000000000000000000e+00 1.712753176689147949e+00 1.528368711471557617e+00 1.583441376686096191e+00 0.000000000000000000e+00 0.000000000000000000e+00 7.863588333129882812e-01 0.000000000000000000e+00 6.340008974075317383e-01
1.419174671173095703e+00 3.189052343368530273e+00 0.000000000000000000e+00 6.563276648521423340e-01 0.000000000000000000e+00 2.688844442367553711e+00 2.187800645828247070e+00 2.060894489288330078e+00 0.000000000000000000e+00 0.000000000000000000e+00 6.577386856079101562e-01 0.000000000000000000e+00 7.634589672088623047e-01
1.882504582405090332e+00 8.361067771911621094e-01 0.000000000000000000e+00 7.864124178886413574e-01 0.000000000000000000e+00 3.153437137603759766e+00 4.162626266479492188e+00 3.086244583129882812e+00 0.000000000000000000e+00 0.000000000000000000e+00 3.112158775329589844e+00 0.000000000000000000e+00 1.344589710235595703e+00
2.099668025970458984e+00 2.674256086349487305e+00 0.000000000000000000e+00 1.143721222877502441e+00 0.000000000000000000e+00 2.140324115753173828e+00 2.083816528320312500e+00 2.611320495605468750e+00 0.000000000000000000e+00 0.000000000000000000e+00 7.809138298034667969e-01 0.000000000000000000e+00 2.038031578063964844e+00
1.808464884757995605e+00 2.378682851791381836e+00 0.000000000000000000e+00 9.332599043846130371e-01 0.000000000000000000e+00 2.190129518508911133e+00 2.226521253585815430e+00 3.126825332641601562e+00 0.000000000000000000e+00 0.000000000000000000e+00 7.331761121749877930e-01 0.000000000000000000e+00 1.887385725975036621e+00
2.145490407943725586e+00 5.464906692504882812e-01 0.000000000000000000e+00 1.497944712638854980e+00 0.000000000000000000e+00 1.546330213546752930e+00 3.832043409347534180e+00 9.187909960746765137e-01 0.000000000000000000e+00 0.000000000000000000e+00 1.422469258308410645e+00 0.000000000000000000e+00 1.123525261878967285e+00
1.883265614509582520e+00 3.094348669052124023e+00 0.000000000000000000e+00 1.153454065322875977e+00 0.000000000000000000e+00 1.715228676795959473e+00 2.029601097106933594e+00 3.174966573715209961e+00 0.000000000000000000e+00 0.000000000000000000e+00 1.232726812362670898e+00 0.000000000000000000e+00 1.793547511100769043e+00
1.928517580032348633e+00 2.849213838577270508e+00 0.000000000000000000e+00 9.497390985488891602e-01 0.000000000000000000e+00 2.187731742858886719e+00 2.152769327163696289e+00 3.555969238281250000e+00 0.000000000000000000e+00 0.000000000000000000e+00 1.176878213882446289e+00 0.000000000000000000e+00 2.228795528411865234e+00
2.246461629867553711e+00 2.488445758819580078e+00 0.000000000000000000e+00 6.737989783287048340e-01 0.000000000000000000e+00 2.897751569747924805e+00 1.698496222496032715e+00 2.942814826965332031e+00 0.000000000000000000e+00 0.000000000000000000e+00 1.014820098876953125e+00 0.000000000000000000e+00 2.391682624816894531e+00
1.923279166221618652e+00 2.340865612030029297e+00 0.000000000000000000e+00 6.205129623413085938e-01 0.000000000000000000e+00 3.125113487243652344e+00 1.271871089935302734e+00 2.092373371124267578e+00 0.000000000000000000e+00 0.000000000000000000e+00 6.930431127548217773e-01 0.000000000000000000e+00 1.717884421348571777e+00
1.989764451980590820e+00 1.997017025947570801e+00 0.000000000000000000e+00 6.766520738601684570e-01 0.000000000000000000e+00 3.054058790206909180e+00 1.414962172508239746e+00 1.914412498474121094e+00 0.000000000000000000e+00 0.000000000000000000e+00 9.159363508224487305e-01 0.000000000000000000e+00 1.663003206253051758e+00
1.316852450370788574e+00 3.641122579574584961e+00 0.000000000000000000e+00 1.018623709678649902e+00 0.000000000000000000e+00 3.782327413558959961e+00 3.074554681777954102e+00 1.102494001388549805e+00 0.000000000000000000e+00 0.000000000000000000e+00 1.897205948829650879e+00 0.000000000000000000e+00 2.645154237747192383e+00
1.488834977149963379e+00 2.158458232879638672e+00 0.000000000000000000e+00 7.639917135238647461e-01 0.000000000000000000e+00 4.261641502380371094e+00 2.016455411911010742e+00 2.452551126480102539e+00 0.000000000000000000e+00 0.000000000000000000e+00 1.310061931610107422e+00 0.000000000000000000e+00 1.884550571441650391e+00
1.393832325935363770e+00 2.395946264266967773e+00 0.000000000000000000e+00 6.439319252967834473e-01 0.000000000000000000e+00 4.782450675964355469e+00 2.587092161178588867e+00 2.522555589675903320e+00 0.000000000000000000e+00 0.000000000000000000e+00 1.616572380065917969e+00 0.000000000000000000e+00 2.206577062606811523e+00
2.102172851562500000e+00 1.688086390495300293e+00 0.000000000000000000e+00 9.783927798271179199e-01 0.000000000000000000e+00 4.913975715637207031e+00 3.601138353347778320e+00 1.893734812736511230e+00 0.000000000000000000e+00 0.000000000000000000e+00 3.106355667114257812e+00 0.000000000000000000e+00 2.305358886718750000e+00
1.563847064971923828e+00 2.097462177276611328e+00 0.000000000000000000e+00 6.589677929878234863e-01 0.000000000000000000e+00 4.630906105041503906e+00 2.309257745742797852e+00 1.219445705413818359e+00 0.000000000000000000e+00 0.000000000000000000e+00 2.450172185897827148e+00 0.000000000000000000e+00 2.875493288040161133e+00
1.302341938018798828e+00 2.154492139816284180e+00 0.000000000000000000e+00 1.101916551589965820e+00 0.000000000000000000e+00 5.052356243133544922e+00 2.301660537719726562e+00 2.294590711593627930e+00 0.000000000000000000e+00 0.000000000000000000e+00 2.482910394668579102e+00 0.000000000000000000e+00 2.053848266601562500e+00
1.894157767295837402e+00 1.712482810020446777e+00 0.000000000000000000e+00 7.292453646659851074e-01 0.000000000000000000e+00 3.554582357406616211e+00 2.599420785903930664e+00 7.092127203941345215e-01 0.000000000000000000e+00 0.000000000000000000e+00 2.363052129745483398e+00 0.000000000000000000e+00 2.643650531768798828e+00
2.963233709335327148e+00 1.520143985748291016e+00 0.000000000000000000e+00 5.753728002309799194e-02 0.000000000000000000e+00 1.340292096138000488e+00 3.654880285263061523e+00 2.037284374237060547e+00 0.000000000000000000e+00 0.000000000000000000e+00 1.589542388916015625e+00 0.000000000000000000e+00 1.689323902130126953e+00
2.753808259963989258e+00 1.209652543067932129e+00 0.000000000000000000e+00 0.000000000000000000e+00 0.000000000000000000e+00 1.240305900573730469e+00 3.326825857162475586e+00 2.222612619400024414e+00 0.000000000000000000e+00 0.000000000000000000e+00 1.675546765327453613e+00 0.000000000000000000e+00 1.666071534156799316e+00
6.342276930809020996e-01 2.408017635345458984e+00 0.000000000000000000e+00 4.959665834903717041e-01 0.000000000000000000e+00 1.957717776298522949e+00 3.110932111740112305e+00 8.010368943214416504e-01 0.000000000000000000e+00 0.000000000000000000e+00 2.240362644195556641e+00 0.000000000000000000e+00 2.548641920089721680e+00
5.036982893943786621e-01 2.052892208099365234e+00 0.000000000000000000e+00 7.865774631500244141e-01 0.000000000000000000e+00 2.780314922332763672e+00 3.041532278060913086e+00 7.141513228416442871e-01 0.000000000000000000e+00 0.000000000000000000e+00 2.078989028930664062e+00 0.000000000000000000e+00 2.464491844177246094e+00
1.466524600982666016e+00 6.022759675979614258e-01 0.000000000000000000e+00 4.707879126071929932e-01 0.000000000000000000e+00 3.562466621398925781e+00 2.220187187194824219e+00 2.725299596786499023e-01 0.000000000000000000e+00 0.000000000000000000e+00 9.240280389785766602e-01 0.000000000000000000e+00 9.220035672187805176e-01
1.698302149772644043e+00 2.881891012191772461e+00 0.000000000000000000e+00 7.119144797325134277e-01 0.000000000000000000e+00 3.197159767150878906e+00 3.835922956466674805e+00 1.284209966659545898e+00 0.000000000000000000e+00 0.000000000000000000e+00 1.817016124725341797e+00 0.000000000000000000e+00 1.657400846481323242e+00
1.733596205711364746e+00 2.244922637939453125e+00 0.000000000000000000e+00 1.524808883666992188e+00 0.000000000000000000e+00 3.491304874420166016e+00 3.192629814147949219e+00 8.759982585906982422e-01 0.000000000000000000e+00 0.000000000000000000e+00 1.108352661132812500e+00 0.000000000000000000e+00 1.704008221626281738e+00
1.027744293212890625e+00 8.150354623794555664e-01 0.000000000000000000e+00 6.305542588233947754e-01 0.000000000000000000e+00 1.369130015373229980e+00 1.109961032867431641e+00 8.746652603149414062e-01 0.000000000000000000e+00 0.000000000000000000e+00 2.024863958358764648e+00 0.000000000000000000e+00 2.703585624694824219e+00
8.544721007347106934e-01 7.061845064163208008e-01 0.000000000000000000e+00 3.317299783229827881e-01 0.000000000000000000e+00 2.097626686096191406e+00 1.306475400924682617e+00 1.093018770217895508e+00 0.000000000000000000e+00 0.000000000000000000e+00 2.669562339782714844e+00 0.000000000000000000e+00 2.568925380706787109e+00
1.628547906875610352e+00 6.718974113464355469e-01 0.000000000000000000e+00 6.679747700691223145e-01 0.000000000000000000e+00 4.360260963439941406e+00 3.475441694259643555e+00 1.367240548133850098e+00 0.000000000000000000e+00 0.000000000000000000e+00 2.400003433227539062e+00 0.000000000000000000e+00 1.161105155944824219e+00
1.381390333175659180e+00 2.344295501708984375e+00 0.000000000000000000e+00 8.226823210716247559e-01 0.000000000000000000e+00 1.372709572315216064e-01 2.347555398941040039e+00 2.448659896850585938e+00 0.000000000000000000e+00 0.000000000000000000e+00 2.197453737258911133e+00 0.000000000000000000e+00 2.524167060852050781e+00
1.146179199218750000e+00 8.198533058166503906e-01 0.000000000000000000e+00 6.268256306648254395e-01 0.000000000000000000e+00 1.718983769416809082e+00 1.486094594001770020e+00 5.252613425254821777e-01 0.000000000000000000e+00 0.000000000000000000e+00 2.140211820602416992e+00 0.000000000000000000e+00 1.394198775291442871e+00
2.026875972747802734e+00 2.292224168777465820e+00 0.000000000000000000e+00 1.449324488639831543e+00 0.000000000000000000e+00 3.109680175781250000e+00 3.800126552581787109e+00 1.294713169336318970e-01 0.000000000000000000e+00 0.000000000000000000e+00 1.450640201568603516e+00 0.000000000000000000e+00 1.615662097930908203e+00
6.373705267906188965e-01 1.099877953529357910e+00 0.000000000000000000e+00 7.104231715202331543e-01 0.000000000000000000e+00 4.110032081604003906e+00 4.227636814117431641e+00 2.358400106430053711e+00 0.000000000000000000e+00 0.000000000000000000e+00 2.469726562500000000e+00 0.000000000000000000e+00 2.066386461257934570e+00
1.878733754158020020e+00 2.198734998703002930e+00 0.000000000000000000e+00 2.054805040359497070e+00 0.000000000000000000e+00 1.419226408004760742e+00 3.608788251876831055e+00 2.006809949874877930e+00 0.000000000000000000e+00 0.000000000000000000e+00 3.577739477157592773e+00 0.000000000000000000e+00 1.966378211975097656e+00
1.320082426071166992e+00 1.598757266998291016e+00 0.000000000000000000e+00 8.093896508216857910e-01 0.000000000000000000e+00 4.106134891510009766e+00 4.281536102294921875e+00 3.042019367218017578e+00 0.000000000000000000e+00 0.000000000000000000e+00 1.683413267135620117e+00 0.000000000000000000e+00 8.869255185127258301e-01
1.628530502319335938e+00 8.977711200714111328e-01 0.000000000000000000e+00 3.059755265712738037e-01 0.000000000000000000e+00 3.012417554855346680e+00 3.608203649520874023e+00 2.451527118682861328e+00 0.000000000000000000e+00 0.000000000000000000e+00 1.373559713363647461e+00 0.000000000000000000e+00 4.550514370203018188e-02
1.364773511886596680e+00 1.747355818748474121e+00 0.000000000000000000e+00 1.526753187179565430e+00 0.000000000000000000e+00 1.968054890632629395e+00 4.249669551849365234e+00 6.874906420707702637e-01 0.000000000000000000e+00 0.000000000000000000e+00 3.265267133712768555e+00 0.000000000000000000e+00 1.971777677536010742e+00
1.571012616157531738e+00 3.540843009948730469e+00 0.000000000000000000e+00 1.663181424140930176e+00 0.000000000000000000e+00 1.063072919845581055e+00 4.494670867919921875e+00 7.571124434471130371e-01 0.000000000000000000e+00 0.000000000000000000e+00 1.332579612731933594e+00 0.000000000000000000e+00 2.237890720367431641e+00
1.186974763870239258e+00 1.024603128433227539e+00 0.000000000000000000e+00 7.918856739997863770e-01 0.000000000000000000e+00 4.245872020721435547e+00 1.647818326950073242e+00 5.405372977256774902e-01 0.000000000000000000e+00 0.000000000000000000e+00 1.056979775428771973e+00 0.000000000000000000e+00 1.631332635879516602e+00
2.180742740631103516e+00 4.330153763294219971e-01 0.000000000000000000e+00 1.143863797187805176e+00 0.000000000000000000e+00 3.810607194900512695e+00 2.354679346084594727e+00 1.632483601570129395e+00 0.000000000000000000e+00 0.000000000000000000e+00 6.387014389038085938e-01 0.000000000000000000e+00 1.050507068634033203e+00
1.821780323982238770e+00 2.398433923721313477e+00 0.000000000000000000e+00 1.330443739891052246e+00 0.000000000000000000e+00 1.979209780693054199e-01 2.694644451141357422e+00 8.173580169677734375e-01 0.000000000000000000e+00 0.000000000000000000e+00 2.351900100708007812e+00 0.000000000000000000e+00 2.437919378280639648e+00
1.162887930870056152e+00 4.719136059284210205e-01 0.000000000000000000e+00 3.590457141399383545e-01 0.000000000000000000e+00 3.621423959732055664e+00 2.920872449874877930e+00 3.372817039489746094e-01 0.000000000000000000e+00 0.000000000000000000e+00 1.201628208160400391e+00 0.000000000000000000e+00 1.527087688446044922e+00
1.427069187164306641e+00 7.484258413314819336e-01 0.000000000000000000e+00 1.238688588142395020e+00 0.000000000000000000e+00 4.667181015014648438e+00 3.028829813003540039e+00 2.330174207687377930e+00 0.000000000000000000e+00 0.000000000000000000e+00 1.519428014755249023e+00 0.000000000000000000e+00 2.020276546478271484e+00
2.119811773300170898e+00 1.804335594177246094e+00 0.000000000000000000e+00 6.603373885154724121e-01 0.000000000000000000e+00 1.309050321578979492e+00 1.685585021972656250e+00 3.837544620037078857e-01 0.000000000000000000e+00 0.000000000000000000e+00 2.743757247924804688e+00 0.000000000000000000e+00 2.168602705001831055e+00
2.264035940170288086e+00 1.285241246223449707e+00 0.000000000000000000e+00 1.317742586135864258e+00 0.000000000000000000e+00 3.763183593750000000e+00 3.070731401443481445e+00 1.084901571273803711e+00 0.000000000000000000e+00 0.000000000000000000e+00 9.110580682754516602e-01 0.000000000000000000e+00 1.469642281532287598e+00
2.589636564254760742e+00 1.226938605308532715e+00 0.000000000000000000e+00 2.200083434581756592e-01 0.000000000000000000e+00 3.387493371963500977e+00 1.992965817451477051e+00 2.984818696975708008e+00 0.000000000000000000e+00 0.000000000000000000e+00 9.617661237716674805e-01 0.000000000000000000e+00 7.307270169258117676e-01
2.230594635009765625e+00 6.464633941650390625e-01 0.000000000000000000e+00 3.460591733455657959e-01 0.000000000000000000e+00 3.777878522872924805e+00 8.722057342529296875e-01 3.026006698608398438e+00 0.000000000000000000e+00 0.000000000000000000e+00 1.147655963897705078e+00 0.000000000000000000e+00 7.379631996154785156e-01
1.920456290245056152e+00 6.178148984909057617e-01 0.000000000000000000e+00 5.017064809799194336e-01 0.000000000000000000e+00 3.569560766220092773e+00 1.065283536911010742e+00 2.147918701171875000e+00 0.000000000000000000e+00 0.000000000000000000e+00 7.534575462341308594e-01 0.000000000000000000e+00 8.445674180984497070e-01
1.637911438941955566e+00 3.081190347671508789e+00 0.000000000000000000e+00 6.491730809211730957e-01 0.000000000000000000e+00 1.043865323066711426e+00 3.296503782272338867e+00 1.029376029968261719e+00 0.000000000000000000e+00 0.000000000000000000e+00 3.188640356063842773e+00 0.000000000000000000e+00 2.589146614074707031e+00
2.003055810928344727e+00 1.194765925407409668e+00 0.000000000000000000e+00 8.627411723136901855e-01 0.000000000000000000e+00 5.036595344543457031e+00 3.283988952636718750e+00 3.339534997940063477e+00 0.000000000000000000e+00 0.000000000000000000e+00 1.889222264289855957e+00 0.000000000000000000e+00 1.251296043395996094e+00
1.772593855857849121e+00 1.616462826728820801e+00 0.000000000000000000e+00 9.629597663879394531e-01 0.000000000000000000e+00 4.198304176330566406e+00 1.732506871223449707e+00 2.658947706222534180e+00 0.000000000000000000e+00 0.000000000000000000e+00 1.789459228515625000e+00 0.000000000000000000e+00 2.411202490329742432e-01
1.148772001266479492e+00 2.684768676757812500e+00 0.000000000000000000e+00 1.034483551979064941e+00 0.000000000000000000e+00 6.904261112213134766e-01 2.710556268692016602e+00 6.929876208305358887e-01 0.000000000000000000e+00 0.000000000000000000e+00 2.955067634582519531e+00 0.000000000000000000e+00 2.281917333602905273e+00
2.246639490127563477e+00 2.199673652648925781e+00 0.000000000000000000e+00 1.591280460357666016e+00 0.000000000000000000e+00 3.397744894027709961e+00 2.712108135223388672e+00 9.778297543525695801e-01 0.000000000000000000e+00 0.000000000000000000e+00 2.660453319549560547e+00 0.000000000000000000e+00 2.584286212921142578e+00
2.829648256301879883e+00 8.062254190444946289e-01 0.000000000000000000e+00 8.521240353584289551e-01 0.000000000000000000e+00 5.911793112754821777e-01 1.624573349952697754e+00 1.585284113883972168e+00 0.000000000000000000e+00 0.000000000000000000e+00 1.823624610900878906e+00 0.000000000000000000e+00 1.616814374923706055e+00
1.157361626625061035e+00 2.125220298767089844e+00 0.000000000000000000e+00 1.390633463859558105e+00 0.000000000000000000e+00 4.326468467712402344e+00 3.663905620574951172e+00 1.119485020637512207e+00 0.000000000000000000e+00 0.000000000000000000e+00 1.593805789947509766e+00 0.000000000000000000e+00 2.938764810562133789e+00
1.654900789260864258e+00 2.480410814285278320e+00 0.000000000000000000e+00 1.496029973030090332e+00 0.000000000000000000e+00 3.784166812896728516e+00 3.055968999862670898e+00 7.909393906593322754e-01 0.000000000000000000e+00 0.000000000000000000e+00 1.390372276306152344e+00 0.000000000000000000e+00 1.955931425094604492e+00
1.124797821044921875e+00 1.647490739822387695e+00 0.000000000000000000e+00 9.103160500526428223e-01 0.000000000000000000e+00 4.811455726623535156e+00 1.822796225547790527e+00 2.360694885253906250e+00 0.000000000000000000e+00 0.000000000000000000e+00 2.418050289154052734e+00 0.000000000000000000e+00 1.656334638595581055e+00
1.369965791702270508e+00 3.153429031372070312e+00 0.000000000000000000e+00 1.318060040473937988e+00 0.000000000000000000e+00 3.670367956161499023e+00 2.181228399276733398e+00 1.680278658866882324e+00 0.000000000000000000e+00 0.000000000000000000e+00 1.799113392829895020e+00 0.000000000000000000e+00 2.630563020706176758e+00
1.266215085983276367e+00 2.892497062683105469e+00 0.000000000000000000e+00 9.421324133872985840e-01 0.000000000000000000e+00 8.966395258903503418e-01 4.432278156280517578e+00 9.683678746223449707e-01 0.000000000000000000e+00 0.000000000000000000e+00 1.105413436889648438e+00 0.000000000000000000e+00 1.622833251953125000e+00
1.262050032615661621e+00 1.995439291000366211e+00 0.000000000000000000e+00 7.804980874061584473e-01 0.000000000000000000e+00 4.032891750335693359e+00 2.902733087539672852e+00 1.238780617713928223e+00 0.000000000000000000e+00 0.000000000000000000e+00 1.896491169929504395e+00 0.000000000000000000e+00 2.578810214996337891e+00
1.367232918739318848e+00 2.178272008895874023e+00 0.000000000000000000e+00 1.311161637306213379e+00 0.000000000000000000e+00 4.286987781524658203e+00 3.019371509552001953e+00 1.459761977195739746e+00 0.000000000000000000e+00 0.000000000000000000e+00 1.780669808387756348e+00 0.000000000000000000e+00 2.425724983215332031e+00
1.073149085044860840e+00 2.949764966964721680e+00 0.000000000000000000e+00 4.287328422069549561e-01 0.000000000000000000e+00 1.693643927574157715e+00 3.941881418228149414e+00 7.819095253944396973e-01 0.000000000000000000e+00 0.000000000000000000e+00 7.045190334320068359e-01 0.000000000000000000e+00 1.402207493782043457e+00
1.844570517539978027e+00 1.865621447563171387e+00 0.000000000000000000e+00 8.651182055473327637e-01 0.000000000000000000e+00 4.849751472473144531e+00 4.793759822845458984e+00 2.858118057250976562e+00 0.000000000000000000e+00 0.000000000000000000e+00 2.982806205749511719e+00 0.000000000000000000e+00 2.784695386886596680e+00
1.425610780715942383e+00 2.164855957031250000e+00 0.000000000000000000e+00 1.484789729118347168e+00 0.000000000000000000e+00 3.534056425094604492e+00 1.502266049385070801e+00 1.870306491851806641e+00 0.000000000000000000e+00 0.000000000000000000e+00 1.815780878067016602e+00 0.000000000000000000e+00 1.806559205055236816e+00
1.564774751663208008e+00 1.975621819496154785e+00 0.000000000000000000e+00 1.063143372535705566e+00 0.000000000000000000e+00 3.600817203521728516e+00 1.980740547180175781e+00 1.563168525695800781e+00 0.000000000000000000e+00 0.000000000000000000e+00 1.378975510597229004e+00 0.000000000000000000e+00 1.631769776344299316e+00
1.339200496673583984e+00 1.639423608779907227e+00 0.000000000000000000e+00 9.244584441184997559e-01 0.000000000000000000e+00 4.557631492614746094e+00 5.206279754638671875e+00 1.942655444145202637e+00 0.000000000000000000e+00 0.000000000000000000e+00 1.356179356575012207e+00 0.000000000000000000e+00 3.290740966796875000e+00
1.270863771438598633e+00 2.332155227661132812e+00 0.000000000000000000e+00 9.199896454811096191e-01 0.000000000000000000e+00 3.573074817657470703e+00 5.118171691894531250e+00 8.919165730476379395e-01 0.000000000000000000e+00 0.000000000000000000e+00 1.067920207977294922e+00 0.000000000000000000e+00 3.544606685638427734e+00
1.918156266212463379e+00 2.821100473403930664e+00 0.000000000000000000e+00 7.103421092033386230e-01 0.000000000000000000e+00 3.088365793228149414e+00 1.672473669052124023e+00 1.909622907638549805e+00 0.000000000000000000e+00 0.000000000000000000e+00 1.985137939453125000e+00 0.000000000000000000e+00 1.578650951385498047e+00
2.008516788482666016e+00 3.335698843002319336e+00 0.000000000000000000e+00 1.245288968086242676e+00 0.000000000000000000e+00 3.038608312606811523e+00 1.707486629486083984e+00 2.358646154403686523e+00 0.000000000000000000e+00 0.000000000000000000e+00 2.305607557296752930e+00 0.000000000000000000e+00 2.108103990554809570e+00
1.854449987411499023e+00 1.181194782257080078e+00 0.000000000000000000e+00 6.518160104751586914e-01 0.000000000000000000e+00 3.143157005310058594e+00 1.808172911405563354e-01 3.466995477676391602e+00 0.000000000000000000e+00 0.000000000000000000e+00 1.538789987564086914e+00 0.000000000000000000e+00 1.024913311004638672e+00
9.320552349090576172e-01 1.488604187965393066e+00 0.000000000000000000e+00 1.654003977775573730e+00 0.000000000000000000e+00 1.725475788116455078e+00 2.915504693984985352e+00 9.323211908340454102e-01 0.000000000000000000e+00 0.000000000000000000e+00 3.095044851303100586e+00 0.000000000000000000e+00 1.531481504440307617e+00
1.716103672981262207e+00 3.119687795639038086e+00 0.000000000000000000e+00 1.393938064575195312e+00 0.000000000000000000e+00 4.038275241851806641e+00 2.641159534454345703e+00 1.919650912284851074e+00 0.000000000000000000e+00 0.000000000000000000e+00 2.025746345520019531e+00 0.000000000000000000e+00 1.902534008026123047e+00
1.220450043678283691e+00 1.157327055931091309e+00 0.000000000000000000e+00 2.732606232166290283e-01 0.000000000000000000e+00 4.462830543518066406e+00 8.301475048065185547e-01 2.689662933349609375e+00 0.000000000000000000e+00 0.000000000000000000e+00 1.424043416976928711e+00 0.000000000000000000e+00 2.068365335464477539e+00
1.376688838005065918e+00 3.164446592330932617e+00 0.000000000000000000e+00 9.418376088142395020e-01 0.000000000000000000e+00 3.582471847534179688e+00 2.074513912200927734e+00 2.072211027145385742e+00 0.000000000000000000e+00 0.000000000000000000e+00 2.247645139694213867e+00 0.000000000000000000e+00 2.471763134002685547e+00
2.031893014907836914e+00 8.790580034255981445e-01 0.000000000000000000e+00 5.231185555458068848e-01 0.000000000000000000e+00 3.702146053314208984e+00 5.526689291000366211e-01 2.927567243576049805e+00 0.000000000000000000e+00 0.000000000000000000e+00 1.465378880500793457e+00 0.000000000000000000e+00 2.542833805084228516e+00
1.321498036384582520e+00 2.710561990737915039e+00 0.000000000000000000e+00 1.180366158485412598e+00 0.000000000000000000e+00 3.901937484741210938e+00 1.846357345581054688e+00 2.816288709640502930e+00 0.000000000000000000e+00 0.000000000000000000e+00 2.385521173477172852e+00 0.000000000000000000e+00 2.059253454208374023e+00
3.341004133224487305e+00 2.167108058929443359e+00 0.000000000000000000e+00 1.283849358558654785e+00 0.000000000000000000e+00 1.511279463768005371e+00 2.125856399536132812e+00 2.891789436340332031e+00 0.000000000000000000e+00 0.000000000000000000e+00 2.200290441513061523e+00 0.000000000000000000e+00 2.528147220611572266e+00
1.342600345611572266e+00 6.933156251907348633e-01 0.000000000000000000e+00 8.086288571357727051e-01 0.000000000000000000e+00 4.454130172729492188e+00 2.059236526489257812e+00 2.737709283828735352e+00 0.000000000000000000e+00 0.000000000000000000e+00 2.044854879379272461e+00 0.000000000000000000e+00 1.601467370986938477e+00
2.036556243896484375e+00 1.785158038139343262e+00 0.000000000000000000e+00 8.376966118812561035e-01 0.000000000000000000e+00 4.231564521789550781e+00 3.099292993545532227e+00 1.458296060562133789e+00 0.000000000000000000e+00 0.000000000000000000e+00 2.503706455230712891e+00 0.000000000000000000e+00 2.328614234924316406e+00
1.276137113571166992e+00 2.225127696990966797e+00 0.000000000000000000e+00 1.075124621391296387e+00 0.000000000000000000e+00 3.386726856231689453e+00 1.809041500091552734e+00 3.421832025051116943e-01 0.000000000000000000e+00 0.000000000000000000e+00 3.582434952259063721e-01 0.000000000000000000e+00 1.453233361244201660e+00
3.082721233367919922e+00 2.245659351348876953e+00 0.000000000000000000e+00 6.933949589729309082e-01 0.000000000000000000e+00 1.635774493217468262e+00 2.905830144882202148e+00 2.656934022903442383e+00 0.000000000000000000e+00 0.000000000000000000e+00 2.217757463455200195e+00 0.000000000000000000e+00 2.593116760253906250e+00
1.874042987823486328e+00 8.287636041641235352e-01 0.000000000000000000e+00 1.007716536521911621e+00 0.000000000000000000e+00 4.109371185302734375e+00 2.383087873458862305e+00 3.590441226959228516e+00 0.000000000000000000e+00 0.000000000000000000e+00 8.382560014724731445e-01 0.000000000000000000e+00 1.301378488540649414e+00
1.579072713851928711e+00 1.326326608657836914e+00 0.000000000000000000e+00 1.672479152679443359e+00 0.000000000000000000e+00 3.724742650985717773e+00 1.765441179275512695e+00 2.735667467117309570e+00 0.000000000000000000e+00 0.000000000000000000e+00 8.513629436492919922e-01 0.000000000000000000e+00 1.474883675575256348e+00
1.781055927276611328e+00 2.671088457107543945e+00 0.000000000000000000e+00 8.568105101585388184e-01 0.000000000000000000e+00 1.123614430427551270e+00 2.620392084121704102e+00 2.258018255233764648e+00 0.000000000000000000e+00 0.000000000000000000e+00 2.173237800598144531e+00 0.000000000000000000e+00 2.968344688415527344e+00
2.467791557312011719e+00 2.830662250518798828e+00 0.000000000000000000e+00 3.121109902858734131e-01 0.000000000000000000e+00 1.393503189086914062e+00 3.647711992263793945e+00 2.242868423461914062e+00 0.000000000000000000e+00 0.000000000000000000e+00 2.099436998367309570e+00 0.000000000000000000e+00 2.750592231750488281e+00
2.663156986236572266e+00 2.342147827148437500e+00 0.000000000000000000e+00 2.630806863307952881e-01 0.000000000000000000e+00 1.477677941322326660e+00 3.623528242111206055e+00 2.554770708084106445e+00 0.000000000000000000e+00 0.000000000000000000e+00 1.546676635742187500e+00 0.000000000000000000e+00 2.174083471298217773e+00
1.487036466598510742e+00 1.411991953849792480e+00 0.000000000000000000e+00 8.836571574211120605e-01 0.000000000000000000e+00 2.369437694549560547e+00 4.927557945251464844e+00 9.249423742294311523e-01 0.000000000000000000e+00 0.000000000000000000e+00 2.671675682067871094e+00 0.000000000000000000e+00 3.322925806045532227e+00
1.074700593948364258e+00 1.284980535507202148e+00 0.000000000000000000e+00 1.038459897041320801e+00 0.000000000000000000e+00 9.605822563171386719e-01 4.136223793029785156e+00 1.401151418685913086e+00 0.000000000000000000e+00 0.000000000000000000e+00 2.348486661911010742e+00 0.000000000000000000e+00 2.477755784988403320e+00
2.871937513351440430e+00 1.485179543495178223e+00 0.000000000000000000e+00 1.662676036357879639e-01 0.000000000000000000e+00 2.305206775665283203e+00 3.034713029861450195e+00 2.297444581985473633e+00 0.000000000000000000e+00 0.000000000000000000e+00 1.606534004211425781e+00 0.000000000000000000e+00 1.695221662521362305e+00
3.097886145114898682e-01 2.408916234970092773e+00 0.000000000000000000e+00 9.899191260337829590e-01 0.000000000000000000e+00 3.760948419570922852e+00 2.935750961303710938e+00 1.964909315109252930e+00 0.000000000000000000e+00 0.000000000000000000e+00 7.837988138198852539e-01 0.000000000000000000e+00 1.733827590942382812e+00
2.287100791931152344e+00 2.388370275497436523e+00 0.000000000000000000e+00 1.483100771903991699e+00 0.000000000000000000e+00 2.982131481170654297e+00 4.165770053863525391e+00 1.311054229736328125e+00 0.000000000000000000e+00 0.000000000000000000e+00 1.581085681915283203e+00 0.000000000000000000e+00 1.185064554214477539e+00
8.629166483879089355e-01 3.629543066024780273e+00 0.000000000000000000e+00 1.804717183113098145e+00 0.000000000000000000e+00 3.658145666122436523e+00 2.081600666046142578e+00 2.544964075088500977e+00 0.000000000000000000e+00 0.000000000000000000e+00 1.353847861289978027e+00 0.000000000000000000e+00 1.345766305923461914e+00
2.266184568405151367e+00 3.086995840072631836e+00 0.000000000000000000e+00 1.409743189811706543e+00 0.000000000000000000e+00 3.233706474304199219e+00 3.617861747741699219e+00 1.562514424324035645e+00 0.000000000000000000e+00 0.000000000000000000e+00 2.924876451492309570e+00 0.000000000000000000e+00 1.625440120697021484e+00
2.106862306594848633e+00 2.954329252243041992e+00 0.000000000000000000e+00 1.861658096313476562e+00 0.000000000000000000e+00 3.292416572570800781e+00 3.921999692916870117e+00 1.567413806915283203e+00 0.000000000000000000e+00 0.000000000000000000e+00 2.766961097717285156e+00 0.000000000000000000e+00 1.489222049713134766e+00
3.507701754570007324e-01 1.642501592636108398e+00 0.000000000000000000e+00 1.645843029022216797e+00 0.000000000000000000e+00 3.071734905242919922e+00 3.569834947586059570e+00 1.548851728439331055e+00 0.000000000000000000e+00 0.000000000000000000e+00 3.080081701278686523e+00 0.000000000000000000e+00 2.337932109832763672e+00
5.560311079025268555e-01 1.362466573715209961e+00 0.000000000000000000e+00 1.450353503227233887e+00 0.000000000000000000e+00 3.229159355163574219e+00 3.727158784866333008e+00 1.762425899505615234e+00 0.000000000000000000e+00 0.000000000000000000e+00 3.472208738327026367e+00 0.000000000000000000e+00 2.631038665771484375e+00
1.063711762428283691e+00 6.001851558685302734e-01 0.000000000000000000e+00 9.723854660987854004e-01 0.000000000000000000e+00 1.507710695266723633e+00 4.200072765350341797e+00 5.407408475875854492e-01 0.000000000000000000e+00 0.000000000000000000e+00 1.706146955490112305e+00 0.000000000000000000e+00 1.029398918151855469e+00
5.366065502166748047e-01 2.664213657379150391e+00 0.000000000000000000e+00 6.560814976692199707e-01 0.000000000000000000e+00 3.032169103622436523e+00 8.379752039909362793e-01 4.581208229064941406e-01 0.000000000000000000e+00 0.000000000000000000e+00 7.926280498504638672e-01 0.000000000000000000e+00 1.649575471878051758e+00
6.213245987892150879e-01 1.084851861000061035e+00 0.000000000000000000e+00 1.414297580718994141e+00 0.000000000000000000e+00 1.726179122924804688e+00 4.596225738525390625e+00 7.617302536964416504e-01 0.000000000000000000e+00 0.000000000000000000e+00 1.743484973907470703e+00 0.000000000000000000e+00 1.556082963943481445e+00
0.000000000000000000e+00 1.897984385490417480e+00 0.000000000000000000e+00 5.888753533363342285e-01 0.000000000000000000e+00 2.934751987457275391e+00 1.926260948181152344e+00 1.610562086105346680e+00 0.000000000000000000e+00 0.000000000000000000e+00 2.991704940795898438e+00 0.000000000000000000e+00 2.132988691329956055e+00
6.889023184776306152e-01 2.373444318771362305e+00 0.000000000000000000e+00 1.080966591835021973e+00 0.000000000000000000e+00 3.197679042816162109e+00 3.172727823257446289e+00 5.955486893653869629e-01 0.000000000000000000e+00 0.000000000000000000e+00 1.210451006889343262e+00 0.000000000000000000e+00 1.229513168334960938e+00
1.041360139846801758e+00 2.748629093170166016e+00 0.000000000000000000e+00 1.226730465888977051e+00 0.000000000000000000e+00 1.512077212333679199e+00 6.117857992649078369e-02 4.736826419830322266e-01 0.000000000000000000e+00 0.000000000000000000e+00 1.313933491706848145e+00 0.000000000000000000e+00 1.297087430953979492e+00
3.105661273002624512e-01 3.226173162460327148e+00 0.000000000000000000e+00 4.968981444835662842e-01 0.000000000000000000e+00 2.995037794113159180e+00 3.169790506362915039e+00 2.237077236175537109e+00 0.000000000000000000e+00 0.000000000000000000e+00 2.867778778076171875e+00 0.000000000000000000e+00 1.920377731323242188e+00
8.104711771011352539e-01 1.488686084747314453e+00 0.000000000000000000e+00 8.667435646057128906e-01 0.000000000000000000e+00 2.938597202301025391e+00 3.194579124450683594e+00 3.708651661872863770e-01 0.000000000000000000e+00 0.000000000000000000e+00 1.370090007781982422e+00 0.000000000000000000e+00 1.294527292251586914e+00
1.311704397201538086e+00 1.724680423736572266e+00 0.000000000000000000e+00 1.187568306922912598e+00 0.000000000000000000e+00 2.462414026260375977e+00 4.487714469432830811e-01 2.660833597183227539e+00 0.000000000000000000e+00 0.000000000000000000e+00 2.098167896270751953e+00 0.000000000000000000e+00 2.108043670654296875e+00
1.007866978645324707e+00 2.669597387313842773e+00 0.000000000000000000e+00 7.172627449035644531e-01 0.000000000000000000e+00 2.106623411178588867e+00 8.409661650657653809e-01 1.885853290557861328e+00 0.000000000000000000e+00 0.000000000000000000e+00 1.069155693054199219e+00 0.000000000000000000e+00 2.592578887939453125e+00
6.821425557136535645e-01 3.084652900695800781e+00 0.000000000000000000e+00 2.003451108932495117e+00 0.000000000000000000e+00 1.055241465568542480e+00 1.365990757942199707e+00 2.216314554214477539e+00 0.000000000000000000e+00 0.000000000000000000e+00 8.875029087066650391e-01 0.000000000000000000e+00 1.556940197944641113e+00
1.253172636032104492e+00 1.562092065811157227e+00 0.000000000000000000e+00 1.123587489128112793e+00 0.000000000000000000e+00 2.468652009963989258e+00 3.995548188686370850e-01 2.543406248092651367e+00 0.000000000000000000e+00 0.000000000000000000e+00 1.713360667228698730e+00 0.000000000000000000e+00 1.947697639465332031e+00
1.359562158584594727e+00 1.653588056564331055e+00 0.000000000000000000e+00 7.390189170837402344e-01 0.000000000000000000e+00 3.803423404693603516e+00 3.930718183517456055e+00 1.613665461540222168e+00 0.000000000000000000e+00 0.000000000000000000e+00 1.638023614883422852e+00 0.000000000000000000e+00 1.505724787712097168e+00
1.521230220794677734e+00 1.422507882118225098e+00 0.000000000000000000e+00 5.439425110816955566e-01 0.000000000000000000e+00 2.257346630096435547e+00 3.159533441066741943e-01 2.569701433181762695e+00 0.000000000000000000e+00 0.000000000000000000e+00 1.391622781753540039e+00 0.000000000000000000e+00 2.439256191253662109e+00
1.912880897521972656e+00 2.025013685226440430e+00 0.000000000000000000e+00 3.890465199947357178e-01 0.000000000000000000e+00 1.987762093544006348e+00 8.995593786239624023e-01 3.090700626373291016e+00 0.000000000000000000e+00 0.000000000000000000e+00 1.564299583435058594e+00 0.000000000000000000e+00 2.376057386398315430e+00
2.577669858932495117e+00 6.052364110946655273e-01 0.000000000000000000e+00 7.266713976860046387e-01 0.000000000000000000e+00 3.989342689514160156e+00 1.285757660865783691e+00 3.128612756729125977e+00 0.000000000000000000e+00 0.000000000000000000e+00 1.507460951805114746e+00 0.000000000000000000e+00 1.422753095626831055e+00
1.428457498550415039e+00 2.009813547134399414e+00 0.000000000000000000e+00 9.813503623008728027e-01 0.000000000000000000e+00 2.078901290893554688e+00 4.600577354431152344e+00 1.503224849700927734e+00 0.000000000000000000e+00 0.000000000000000000e+00 1.821082115173339844e+00 0.000000000000000000e+00 1.812973856925964355e+00
1.384797573089599609e+00 1.632248163223266602e+00 0.000000000000000000e+00 8.423777818679809570e-01 0.000000000000000000e+00 2.809679031372070312e+00 4.338091850280761719e+00 1.420340418815612793e+00 0.000000000000000000e+00 0.000000000000000000e+00 1.540568590164184570e+00 0.000000000000000000e+00 1.121635556221008301e+00
1.165421247482299805e+00 1.708283305168151855e+00 0.000000000000000000e+00 5.319602489471435547e-01 0.000000000000000000e+00 3.118038892745971680e+00 3.639047622680664062e+00 1.029464244842529297e+00 0.000000000000000000e+00 0.000000000000000000e+00 1.359170556068420410e+00 0.000000000000000000e+00 1.105844616889953613e+00
1.955850243568420410e+00 2.305932521820068359e+00 0.000000000000000000e+00 6.122947335243225098e-01 0.000000000000000000e+00 3.016872644424438477e+00 2.127741813659667969e+00 3.993768453598022461e+00 0.000000000000000000e+00 0.000000000000000000e+00 1.153675317764282227e+00 0.000000000000000000e+00 2.159203767776489258e+00
8.225400447845458984e-01 1.879508495330810547e+00 0.000000000000000000e+00 4.912267625331878662e-01 0.000000000000000000e+00 3.796367406845092773e+00 2.728615522384643555e+00 1.106825470924377441e+00 0.000000000000000000e+00 0.000000000000000000e+00 1.649148583412170410e+00 0.000000000000000000e+00 1.095527291297912598e+00
8.677321672439575195e-01 2.427969932556152344e+00 0.000000000000000000e+00 9.248114228248596191e-01 0.000000000000000000e+00 3.887452840805053711e+00 3.004481554031372070e+00 1.544605255126953125e+00 0.000000000000000000e+00 0.000000000000000000e+00 1.819299578666687012e+00 0.000000000000000000e+00 1.553751707077026367e+00
5.434468984603881836e-01 2.421210289001464844e+00 0.000000000000000000e+00 9.843768477439880371e-01 0.000000000000000000e+00 4.215968132019042969e+00 3.371488094329833984e+00 1.700045108795166016e+00 0.000000000000000000e+00 0.000000000000000000e+00 2.132165908813476562e+00 0.000000000000000000e+00 1.723037481307983398e+00
7.523349523544311523e-01 2.551392078399658203e+00 0.000000000000000000e+00 1.186373829841613770e+00 0.000000000000000000e+00 3.565638542175292969e+00 3.928521156311035156e+00 1.170168280601501465e+00 0.000000000000000000e+00 0.000000000000000000e+00 2.061906337738037109e+00 0.000000000000000000e+00 2.120790719985961914e+00
1.305590033531188965e+00 2.606926441192626953e+00 0.000000000000000000e+00 9.876908659934997559e-01 0.000000000000000000e+00 3.164661169052124023e+00 5.396882891654968262e-01 2.414010286331176758e+00 0.000000000000000000e+00 0.000000000000000000e+00 1.568791031837463379e+00 0.000000000000000000e+00 1.383211731910705566e+00
1.292168378829956055e+00 3.137798309326171875e+00 0.000000000000000000e+00 8.002186417579650879e-01 0.000000000000000000e+00 3.395964622497558594e+00 1.026666402816772461e+00 2.398956060409545898e+00 0.000000000000000000e+00 0.000000000000000000e+00 2.140062093734741211e+00 0.000000000000000000e+00 1.652028560638427734e+00
1.577905654907226562e+00 3.526533603668212891e+00 0.000000000000000000e+00 9.272059798240661621e-01 0.000000000000000000e+00 3.818517208099365234e+00 2.195455789566040039e+00 2.351072072982788086e+00 0.000000000000000000e+00 0.000000000000000000e+00 1.454839468002319336e+00 0.000000000000000000e+00 1.020832896232604980e+00
1.638449192047119141e+00 3.064537525177001953e+00 0.000000000000000000e+00 8.014897704124450684e-01 0.000000000000000000e+00 3.941126585006713867e+00 1.949473142623901367e+00 2.335763454437255859e+00 0.000000000000000000e+00 0.000000000000000000e+00 1.368068695068359375e+00 0.000000000000000000e+00 1.191934585571289062e+00
1.701862096786499023e+00 2.235056638717651367e+00 0.000000000000000000e+00 8.792274594306945801e-01 0.000000000000000000e+00 3.280531644821166992e+00 4.270912647247314453e+00 1.433463096618652344e+00 0.000000000000000000e+00 0.000000000000000000e+00 3.416071176528930664e+00 0.000000000000000000e+00 2.523103237152099609e+00
1.228737950325012207e+00 2.245909690856933594e+00 0.000000000000000000e+00 8.384175896644592285e-01 0.000000000000000000e+00 3.087199211120605469e+00 3.598093271255493164e+00 1.325646281242370605e+00 0.000000000000000000e+00 0.000000000000000000e+00 3.338594436645507812e+00 0.000000000000000000e+00 1.633452057838439941e+00
1.705032110214233398e+00 2.759456634521484375e+00 0.000000000000000000e+00 6.623560786247253418e-01 0.000000000000000000e+00 3.081749916076660156e+00 1.317134380340576172e+00 2.546858787536621094e+00 0.000000000000000000e+00 0.000000000000000000e+00 1.198183178901672363e+00 0.000000000000000000e+00 3.608801662921905518e-01
1.040096402168273926e+00 2.557039499282836914e+00 0.000000000000000000e+00 9.729788899421691895e-01 0.000000000000000000e+00 2.006108283996582031e+00 1.210102558135986328e+00 1.763781189918518066e+00 0.000000000000000000e+00 0.000000000000000000e+00 1.011864781379699707e+00 0.000000000000000000e+00 2.231360912322998047e+00
1.704770088195800781e+00 2.144851922988891602e+00 0.000000000000000000e+00 9.712119698524475098e-01 0.000000000000000000e+00 2.970628976821899414e+00 4.003475666046142578e+00 1.576150178909301758e+00 0.000000000000000000e+00 0.000000000000000000e+00 3.674458503723144531e+00 0.000000000000000000e+00 2.066781044006347656e+00
1.869571208953857422e+00 1.857051014900207520e+00 0.000000000000000000e+00 9.542930722236633301e-01 0.000000000000000000e+00 3.057568073272705078e+00 4.611745834350585938e+00 1.749379634857177734e+00 0.000000000000000000e+00 0.000000000000000000e+00 3.084277868270874023e+00 0.000000000000000000e+00 1.416776776313781738e+00
8.753048777580261230e-01 2.484238624572753906e+00 0.000000000000000000e+00 1.141201734542846680e+00 0.000000000000000000e+00 3.381567478179931641e+00 1.716632604598999023e+00 2.691591262817382812e+00 0.000000000000000000e+00 0.000000000000000000e+00 2.309083938598632812e+00 0.000000000000000000e+00 1.363739609718322754e+00
1.772717475891113281e+00 2.949133157730102539e+00 0.000000000000000000e+00 1.262365102767944336e+00 0.000000000000000000e+00 2.374928474426269531e+00 3.591008901596069336e+00 1.596817016601562500e+00 0.000000000000000000e+00 0.000000000000000000e+00 3.390915155410766602e+00 0.000000000000000000e+00 2.323831558227539062e+00
